%Time [ms]	Commanded Torque [mNm]	Angular Velocity [RPM]	Actual Current [Amp]	%2/23/201811:00 AM
0.000	0.000	0.000	0.000
0.000	10.000	0.000	0.009
10.000	10.000	0.000	0.008
20.000	10.000	0.000	0.007
30.000	10.000	0.000	0.008
40.000	10.000	0.000	0.007
50.000	10.000	0.000	0.009
60.000	10.000	0.000	0.007
70.000	10.000	0.000	0.006
80.000	10.000	0.000	0.007
90.000	10.000	0.000	0.007
100.000	10.000	0.000	0.007
110.000	10.000	0.000	0.009
120.000	10.000	0.000	0.007
130.000	10.000	0.000	0.008
140.000	10.000	0.000	0.008
150.000	10.000	0.000	0.006
160.000	10.000	0.000	0.009
170.000	10.000	0.000	0.006
180.000	10.000	0.000	0.006
190.000	10.000	0.000	0.007
200.000	10.000	0.000	0.006
210.000	10.000	0.000	0.006
220.000	10.000	0.000	0.006
230.000	10.000	0.000	0.006
240.000	10.000	0.000	0.006
250.000	10.000	0.000	0.007
260.000	10.000	0.000	0.007
270.000	10.000	0.000	0.007
280.000	10.000	0.000	0.006
290.000	10.000	0.000	0.009
300.000	10.000	0.000	0.006
310.000	10.000	0.000	0.004
320.000	10.000	0.000	0.006
330.000	10.000	0.000	0.007
340.000	10.000	0.000	0.004
350.000	10.000	0.000	0.007
360.000	10.000	0.000	0.004
370.000	10.000	0.000	0.003
380.000	10.000	0.000	0.004
390.000	10.000	0.000	0.004
400.000	10.000	0.000	0.008
410.000	10.000	0.000	0.004
420.000	10.000	0.000	0.004
430.000	10.000	0.000	0.002
440.000	10.000	0.000	0.002
450.000	10.000	0.000	0.004
460.000	10.000	0.000	0.004
470.000	10.000	0.000	0.002
480.000	10.000	0.000	0.001
490.000	10.000	0.000	0.006
500.000	10.000	0.000	0.003
510.000	10.000	0.000	0.002
520.000	10.000	0.000	0.007
530.000	10.000	0.000	0.006
540.000	10.000	0.000	0.004
550.000	10.000	0.000	0.006
560.000	10.000	0.000	0.007
570.000	10.000	0.000	0.006
580.000	10.000	0.000	0.006
590.000	10.000	0.000	0.002
600.000	10.000	0.000	0.006
610.000	10.000	0.000	0.008
620.000	10.000	0.000	0.006
630.000	10.000	0.000	0.004
640.000	10.000	0.000	0.006
650.000	10.000	0.000	0.008
660.000	10.000	0.000	0.004
670.000	10.000	0.000	0.008
680.000	10.000	0.000	0.006
690.000	10.000	0.000	0.003
700.000	10.000	0.000	0.001
710.000	10.000	0.000	0.006
720.000	10.000	0.000	0.002
730.000	10.000	0.000	0.003
740.000	10.000	0.000	0.001
750.000	10.000	0.000	0.002
760.000	10.000	0.000	0.008
770.000	10.000	0.000	0.006
780.000	10.000	0.000	0.002
790.000	10.000	0.000	0.004
800.000	10.000	0.000	0.004
810.000	10.000	0.000	0.006
820.000	10.000	0.000	0.006
830.000	10.000	0.000	0.002
840.000	10.000	0.000	0.003
850.000	10.000	0.000	0.004
860.000	10.000	0.000	0.004
870.000	10.000	0.000	0.007
880.000	10.000	0.000	0.007
890.000	10.000	0.000	0.007
900.000	10.000	0.000	0.006
910.000	10.000	0.000	0.003
920.000	10.000	0.000	0.004
930.000	10.000	0.000	0.003
940.000	10.000	0.000	0.004
950.000	10.000	0.000	0.006
960.000	10.000	0.000	0.008
970.000	10.000	0.000	0.006
980.000	10.000	0.000	0.007
990.000	10.000	0.000	0.002
1000.000	10.000	0.000	0.006
1010.000	10.000	0.000	0.004
1020.000	10.000	0.000	0.003
1030.000	10.000	0.000	0.004
1040.000	10.000	0.000	0.006
1050.000	10.000	0.000	0.004
1060.000	10.000	-0.073	0.056
1070.000	10.000	-0.073	0.148
1080.000	10.000	-0.140	0.218
1090.000	10.000	-0.213	0.267
1100.000	10.000	-0.360	0.324
1110.000	10.000	-0.360	0.324
1120.000	10.000	-0.506	0.349
1130.000	10.000	-0.653	0.360
1140.000	10.000	-0.799	0.371
1150.000	10.000	-1.019	0.375
1160.000	10.000	-1.312	0.388
1170.000	10.000	-1.465	0.389
1180.000	10.000	-1.465	0.389
1190.000	10.000	-1.538	0.390
1200.000	10.000	-1.758	0.394
1210.000	10.000	-1.831	0.395
1220.000	10.000	-1.978	0.395
1230.000	10.000	-2.124	0.393
1240.000	10.000	-2.417	0.397
1250.000	10.000	-2.563	0.397
1260.000	10.000	-2.637	0.401
1270.000	10.000	-2.637	0.399
1280.000	10.000	-2.637	0.399
1290.000	10.000	-2.710	0.397
1300.000	10.000	-2.710	0.399
1310.000	10.000	-2.783	0.399
1320.000	10.000	-3.003	0.397
1330.000	10.000	-3.076	0.400
1340.000	10.000	-3.003	0.400
1350.000	10.000	-3.076	0.401
1360.000	10.000	-3.296	0.400
1370.000	10.000	-3.516	0.399
1380.000	10.000	-3.882	0.401
1390.000	10.000	-4.102	0.400
1400.000	10.000	-4.248	0.400
1410.000	10.000	-4.321	0.399
1420.000	10.000	-4.208	0.401
1430.000	10.000	-4.574	0.397
1440.000	10.000	-4.721	0.401
1450.000	10.000	-4.794	0.401
1460.000	10.000	-4.941	0.399
1470.000	10.000	-5.233	0.397
1480.000	10.000	-5.160	0.399
1490.000	10.000	-5.160	0.399
1500.000	10.000	-5.233	0.400
1510.000	10.000	-5.526	0.397
1520.000	10.000	-5.786	0.401
1530.000	10.000	-5.566	0.397
1540.000	10.000	-5.640	0.400
1550.000	10.000	-5.999	0.401
1560.000	10.000	-6.064	0.397
1570.000	10.000	-5.771	0.401
1580.000	10.000	-5.918	0.401
1590.000	10.000	-6.284	0.399
1600.000	10.000	-6.577	0.399
1610.000	10.000	-6.577	0.399
1620.000	10.000	-6.797	0.399
1630.000	10.000	-6.870	0.400
1640.000	10.000	-6.870	0.399
1650.000	10.000	-6.950	0.400
1660.000	10.000	-7.031	0.400
1670.000	10.000	-7.251	0.402
1680.000	10.000	-7.617	0.400
1690.000	10.000	-7.544	0.401
1700.000	10.000	-7.617	0.397
1710.000	10.000	-7.837	0.396
1720.000	10.000	-7.764	0.400
1730.000	10.000	-8.130	0.399
1740.000	10.000	-8.496	0.399
1750.000	10.000	-8.276	0.397
1760.000	10.000	-8.496	0.399
1770.000	10.000	-8.643	0.400
1780.000	10.000	-8.496	0.399
1790.000	10.000	-8.936	0.402
1800.000	10.000	-8.936	0.401
1810.000	10.000	-9.082	0.397
1820.000	10.000	-9.229	0.401
1830.000	10.000	-9.375	0.402
1840.000	10.000	-9.448	0.395
1850.000	10.000	-9.521	0.397
1860.000	10.000	-9.741	0.400
1870.000	10.000	-9.814	0.399
1880.000	10.000	-10.181	0.400
1890.000	10.000	-9.961	0.399
1900.000	10.000	-10.327	0.400
1910.000	10.000	-10.400	0.401
1920.000	10.000	-10.693	0.399
1930.000	10.000	-10.620	0.397
1940.000	10.000	-10.474	0.400
1950.000	10.000	-10.940	0.401
1960.000	10.000	-10.866	0.396
1970.000	10.000	-11.298	0.401
1980.000	10.000	-11.078	0.396
1990.000	10.000	-11.518	0.400
2000.000	10.000	-11.664	0.399
2010.000	10.000	-11.664	0.399
2020.000	10.000	-11.518	0.399
2030.000	10.000	-11.737	0.397
2040.000	10.000	-12.323	0.400
2050.000	10.000	-12.223	0.397
2060.000	10.000	-12.590	0.399
2070.000	10.000	-12.524	0.400
2080.000	10.000	-12.524	0.397
2090.000	10.000	-12.524	0.401
2100.000	10.000	-12.964	0.399
2110.000	10.000	-13.110	0.397
2120.000	10.000	-13.403	0.399
2130.000	10.000	-13.330	0.399
2140.000	10.000	-13.696	0.400
2150.000	10.000	-13.403	0.399
2160.000	10.000	-13.403	0.399
2170.000	10.000	-13.483	0.399
2180.000	10.000	-13.963	0.400
2190.000	10.000	-14.110	0.397
2200.000	10.000	-14.403	0.401
2210.000	10.000	-14.549	0.397
2220.000	10.000	-14.476	0.397
2230.000	10.000	-14.476	0.397
2240.000	10.000	-14.696	0.395
2250.000	10.000	-14.696	0.397
2260.000	10.000	-15.122	0.400
2270.000	10.000	-15.677	0.397
2280.000	10.000	-15.050	0.400
2290.000	10.000	-15.563	0.401
2300.000	10.000	-15.636	0.399
2310.000	10.000	-15.416	0.400
2320.000	10.000	-16.076	0.402
2330.000	10.000	-16.369	0.399
2340.000	10.000	-16.295	0.397
2350.000	10.000	-16.602	0.401
2360.000	10.000	-16.406	0.400
2370.000	10.000	-16.919	0.399
2380.000	10.000	-16.919	0.399
2390.000	10.000	-16.846	0.401
2400.000	10.000	-17.432	0.397
2410.000	10.000	-17.139	0.397
2420.000	10.000	-17.285	0.400
2430.000	10.000	-17.285	0.400
2440.000	10.000	-17.944	0.400
2450.000	10.000	-17.944	0.399
2460.000	10.000	-17.971	0.399
2470.000	10.000	-18.004	0.399
2480.000	10.000	-18.223	0.401
2490.000	10.000	-18.589	0.400
2500.000	10.000	-18.663	0.399
2510.000	10.000	-18.809	0.402
2520.000	10.000	-19.102	0.397
2530.000	10.000	-19.249	0.400
2540.000	10.000	-19.175	0.399
2550.000	10.000	-19.395	0.401
2560.000	10.000	-19.922	0.399
2570.000	10.000	-19.922	0.399
2580.000	10.000	-20.215	0.401
2590.000	10.000	-20.068	0.399
2600.000	10.000	-20.435	0.400
2610.000	10.000	-20.728	0.397
2620.000	10.000	-20.728	0.397
2630.000	10.000	-20.581	0.399
2640.000	10.000	-20.947	0.399
2650.000	10.000	-21.240	0.397
2660.000	10.000	-21.313	0.401
2670.000	10.000	-21.533	0.396
2680.000	10.000	-21.260	0.401
2690.000	10.000	-22.033	0.397
2700.000	10.000	-22.107	0.397
2710.000	10.000	-22.546	0.399
2720.000	10.000	-22.326	0.399
2730.000	10.000	-22.839	0.399
2740.000	10.000	-23.205	0.397
2750.000	10.000	-23.205	0.397
2760.000	10.000	-23.132	0.397
2770.000	10.000	-23.352	0.400
2780.000	10.000	-23.698	0.400
2790.000	10.000	-23.584	0.400
2800.000	10.000	-23.657	0.397
2810.000	10.000	-23.804	0.397
2820.000	10.000	-24.316	0.399
2830.000	10.000	-24.390	0.399
2840.000	10.000	-24.390	0.399
2850.000	10.000	-25.049	0.399
2860.000	10.000	-24.902	0.397
2870.000	10.000	-25.415	0.401
2880.000	10.000	-25.415	0.401
2890.000	10.000	-25.488	0.399
2900.000	10.000	-25.781	0.394
2910.000	10.000	-25.781	0.397
2920.000	10.000	-25.781	0.401
2930.000	10.000	-26.367	0.401
2940.000	10.000	-26.514	0.399
2950.000	10.000	-26.880	0.401
2960.000	10.000	-27.026	0.402
2970.000	10.000	-27.026	0.402
2980.000	10.000	-26.953	0.399
2990.000	10.000	-27.246	0.399
3000.000	10.000	-27.686	0.399
3010.000	10.000	-27.979	0.397
3020.000	10.000	-28.198	0.401
3030.000	10.000	-28.198	0.401
3040.000	10.000	-28.345	0.400
3050.000	10.000	-28.418	0.399
3060.000	10.000	-28.784	0.397
3070.000	10.000	-28.931	0.402
3080.000	10.000	-29.443	0.401
3090.000	10.000	-29.443	0.399
3100.000	10.000	-29.297	0.401
3110.000	10.000	-30.103	0.400
3120.000	10.000	-30.176	0.400
3130.000	10.000	-29.956	0.401
3140.000	10.000	-30.615	0.399
3150.000	10.000	-30.688	0.397
3160.000	10.000	-31.274	0.401
3170.000	10.000	-31.274	0.401
3180.000	10.000	-30.981	0.400
3190.000	10.000	-31.421	0.399
3200.000	10.000	-31.860	0.400
3210.000	10.000	-31.714	0.397
3220.000	10.000	-32.227	0.399
3230.000	10.000	-32.520	0.397
3240.000	10.000	-32.739	0.399
3250.000	10.000	-32.812	0.401
3260.000	10.000	-33.032	0.400
3270.000	10.000	-33.179	0.396
3280.000	10.000	-33.472	0.395
3290.000	10.000	-33.618	0.397
3300.000	10.000	-33.618	0.400
3310.000	10.000	-34.131	0.394
3320.000	10.000	-34.058	0.397
3330.000	10.000	-34.058	0.396
3340.000	10.000	-34.863	0.399
3350.000	10.000	-34.937	0.400
3360.000	10.000	-34.937	0.400
3370.000	10.000	-35.010	0.400
3380.000	10.000	-35.229	0.395
3390.000	10.000	-35.596	0.396
3400.000	10.000	-36.035	0.400
3410.000	10.000	-35.669	0.400
3420.000	10.000	-36.035	0.400
3430.000	10.000	-36.108	0.399
3440.000	10.000	-36.621	0.401
3450.000	10.000	-36.475	0.397
3460.000	10.000	-36.694	0.401
3470.000	10.000	-36.914	0.399
3480.000	10.000	-36.987	0.399
3490.000	10.000	-37.207	0.393
3500.000	10.000	-37.354	0.399
3510.000	10.000	-37.500	0.402
3520.000	10.000	-37.720	0.397
3530.000	10.000	-37.939	0.399
3540.000	10.000	-38.306	0.399
3550.000	10.000	-38.452	0.395
3560.000	10.000	-38.452	0.397
3570.000	10.000	-38.452	0.397
3580.000	10.000	-38.892	0.399
3590.000	10.000	-38.659	0.397
3600.000	10.000	-38.935	0.400
3610.000	10.000	-39.448	0.399
3620.000	10.000	-39.668	0.397
3630.000	10.000	-39.594	0.401
3640.000	10.000	-39.741	0.399
3650.000	10.000	-39.814	0.399
3660.000	10.000	-40.107	0.399
3670.000	10.000	-40.400	0.401
3680.000	10.000	-40.926	0.399
3690.000	10.000	-40.649	0.399
3700.000	10.000	-40.723	0.397
3710.000	10.000	-40.649	0.400
3720.000	10.000	-41.235	0.399
3730.000	10.000	-41.235	0.399
3740.000	10.000	-41.455	0.399
3750.000	10.000	-41.309	0.401
3760.000	10.000	-41.528	0.397
3770.000	10.000	-41.821	0.397
3780.000	10.000	-42.041	0.396
3790.000	10.000	-41.968	0.399
3800.000	10.000	-42.407	0.397
3810.000	10.000	-42.114	0.400
3820.000	10.000	-42.407	0.400
3830.000	10.000	-42.407	0.400
3840.000	10.000	-42.700	0.400
3850.000	10.000	-42.920	0.399
3860.000	10.000	-42.993	0.395
3870.000	10.000	-42.920	0.401
3880.000	10.000	-42.920	0.396
3890.000	10.000	-43.140	0.399
3900.000	10.000	-43.213	0.401
3910.000	10.000	-43.945	0.397
3920.000	10.000	-43.945	0.402
3930.000	10.000	-44.238	0.399
3940.000	10.000	-44.165	0.400
3950.000	10.000	-44.312	0.396
3960.000	10.000	-44.678	0.396
3970.000	10.000	-44.678	0.399
3980.000	10.000	-44.897	0.401
3990.000	10.000	-44.897	0.397
4000.000	10.000	-45.044	0.400
4010.000	10.000	-45.044	0.400
4020.000	10.000	-45.190	0.399
4030.000	10.000	-45.190	0.401
4040.000	10.000	-45.483	0.400
4050.000	10.000	-45.850	0.397
4060.000	10.000	-45.996	0.400
4070.000	10.000	-46.143	0.397
4080.000	10.000	-46.143	0.397
4090.000	10.000	-46.289	0.399
4100.000	10.000	-46.362	0.399
4110.000	10.000	-46.509	0.400
4120.000	10.000	-46.655	0.401
4130.000	10.000	-46.948	0.399
4140.000	10.000	-47.021	0.402
4150.000	10.000	-47.241	0.401
4160.000	10.000	-47.314	0.400
4170.000	10.000	-47.534	0.401
4180.000	10.000	-47.681	0.399
4190.000	10.000	-47.974	0.400
4200.000	10.000	-48.193	0.396
4210.000	10.000	-48.087	0.400
4220.000	10.000	-48.681	0.401
4230.000	10.000	-48.681	0.401
4240.000	10.000	-48.901	0.400
4250.000	10.000	-48.514	0.396
4260.000	10.000	-49.279	0.399
4270.000	10.000	-49.060	0.401
4280.000	10.000	-49.233	0.404
4290.000	10.000	-49.477	0.399
4300.000	10.000	-49.916	0.399
4310.000	10.000	-49.850	0.399
4320.000	10.000	-50.257	0.401
4330.000	10.000	-50.110	0.401
4340.000	10.000	-50.696	0.401
4350.000	10.000	-51.302	0.397
4360.000	10.000	-51.050	0.397
4370.000	10.000	-50.883	0.400
4380.000	10.000	-51.719	0.400
4390.000	10.000	-51.475	0.399
4400.000	10.000	-51.548	0.399
4410.000	10.000	-52.161	0.401
4420.000	10.000	-51.599	0.397
4430.000	10.000	-52.259	0.399
4440.000	10.000	-52.405	0.401
4450.000	10.000	-52.478	0.400
4460.000	10.000	-52.332	0.401
4470.000	10.000	-53.158	0.399
4480.000	10.000	-52.954	0.399
4490.000	10.000	-53.174	0.399
4500.000	10.000	-53.760	0.401
4510.000	10.000	-53.760	0.401
4520.000	10.000	-53.906	0.401
4530.000	10.000	-53.833	0.399
4540.000	10.000	-53.979	0.402
4550.000	10.000	-54.932	0.397
4560.000	10.000	-54.932	0.397
4570.000	10.000	-55.005	0.400
4580.000	10.000	-54.932	0.400
4590.000	10.000	-55.298	0.402
4600.000	10.000	-54.932	0.402
4610.000	10.000	-55.371	0.399
4620.000	10.000	-55.884	0.397
4630.000	10.000	-55.884	0.400
4640.000	10.000	-56.030	0.400
4650.000	10.000	-56.177	0.399
4660.000	10.000	-56.470	0.399
4670.000	10.000	-56.470	0.397
4680.000	10.000	-56.763	0.399
4690.000	10.000	-56.836	0.399
4700.000	10.000	-57.002	0.399
4710.000	10.000	-57.474	0.399
4720.000	10.000	-57.401	0.399
4730.000	10.000	-57.914	0.399
4740.000	10.000	-57.987	0.396
4750.000	10.000	-58.207	0.401
4760.000	10.000	-57.914	0.397
4770.000	10.000	-58.427	0.397
4780.000	10.000	-58.866	0.397
4790.000	10.000	-59.066	0.397
4800.000	10.000	-59.066	0.397
4810.000	10.000	-58.813	0.400
4820.000	10.000	-59.253	0.397
4830.000	10.000	-59.106	0.399
4840.000	10.000	-59.326	0.400
4850.000	10.000	-59.399	0.399
4860.000	10.000	-59.912	0.401
4870.000	10.000	-59.839	0.397
4880.000	10.000	-59.692	0.400
4890.000	10.000	-60.498	0.399
4900.000	10.000	-60.132	0.400
4910.000	10.000	-60.352	0.394
4920.000	10.000	-60.571	0.401
4930.000	10.000	-60.718	0.399
4940.000	10.000	-60.937	0.400
4950.000	10.000	-61.230	0.401
4960.000	10.000	-61.084	0.401
4970.000	10.000	-61.377	0.396
4980.000	10.000	-61.670	0.399
4990.000	10.000	-61.230	0.401
5000.000	10.000	-62.036	0.401
5010.000	10.000	-62.036	0.401
5020.000	10.000	-62.036	0.401
5030.000	10.000	-62.402	0.396
5040.000	10.000	-62.402	0.401
5050.000	10.000	-62.329	0.399
5060.000	10.000	-62.476	0.400
5070.000	10.000	-62.622	0.401
5080.000	10.000	-63.062	0.397
5090.000	10.000	-63.428	0.397
5100.000	10.000	-63.062	0.397
5110.000	10.000	-63.062	0.397
5120.000	10.000	-63.135	0.400
5130.000	10.000	-63.574	0.400
5140.000	10.000	-63.428	0.401
5150.000	10.000	-63.647	0.400
5160.000	10.000	-64.087	0.399
5170.000	10.000	-64.160	0.402
5180.000	10.000	-64.233	0.399
5190.000	10.000	-64.233	0.401
5200.000	10.000	-64.966	0.399
5210.000	10.000	-65.112	0.397
5220.000	10.000	-65.112	0.397
5230.000	10.000	-65.405	0.402
5240.000	10.000	-65.405	0.397
5250.000	10.000	-65.152	0.395
5260.000	10.000	-65.811	0.399
5270.000	10.000	-65.958	0.400
5280.000	10.000	-66.251	0.402
5290.000	10.000	-66.397	0.399
5300.000	10.000	-66.910	0.399
5310.000	10.000	-66.617	0.397
5320.000	10.000	-66.837	0.399
5330.000	10.000	-66.617	0.396
5340.000	10.000	-67.276	0.400
5350.000	10.000	-67.969	0.396
5360.000	10.000	-67.383	0.399
5370.000	10.000	-67.676	0.397
5380.000	10.000	-67.676	0.402
5390.000	10.000	-68.188	0.396
5400.000	10.000	-67.676	0.400
5410.000	10.000	-68.555	0.396
5420.000	10.000	-68.481	0.400
5430.000	10.000	-68.628	0.401
5440.000	10.000	-68.555	0.395
5450.000	10.000	-68.994	0.399
5460.000	10.000	-69.141	0.399
5470.000	10.000	-69.141	0.402
5480.000	10.000	-69.287	0.400
5490.000	10.000	-69.054	0.399
5500.000	10.000	-70.112	0.401
5510.000	10.000	-69.819	0.397
5520.000	10.000	-70.258	0.400
5530.000	10.000	-70.625	0.399
5540.000	10.000	-70.771	0.401
5550.000	10.000	-70.991	0.397
5560.000	10.000	-70.991	0.397
5570.000	10.000	-71.357	0.400
5580.000	10.000	-71.504	0.401
5590.000	10.000	-72.176	0.399
5600.000	10.000	-71.558	0.397
5610.000	10.000	-71.997	0.400
5620.000	10.000	-71.924	0.399
5630.000	10.000	-71.924	0.399
5640.000	10.000	-72.437	0.399
5650.000	10.000	-72.290	0.396
5660.000	10.000	-72.949	0.397
5670.000	10.000	-72.656	0.402
5680.000	10.000	-73.096	0.399
5690.000	10.000	-72.949	0.401
5700.000	10.000	-73.315	0.397
5710.000	10.000	-73.389	0.401
5720.000	10.000	-73.608	0.399
5730.000	10.000	-74.048	0.401
5740.000	10.000	-73.975	0.400
5750.000	10.000	-74.194	0.400
5760.000	10.000	-74.268	0.396
5770.000	10.000	-74.561	0.401
5780.000	10.000	-74.634	0.401
5790.000	10.000	-74.634	0.401
5800.000	10.000	-74.780	0.401
5810.000	10.000	-74.854	0.397
5820.000	10.000	-75.000	0.396
5830.000	10.000	-75.073	0.397
5840.000	10.000	-75.293	0.396
5850.000	10.000	-75.513	0.397
5860.000	10.000	-75.806	0.399
5870.000	10.000	-75.659	0.399
5880.000	10.000	-75.879	0.397
5890.000	10.000	-75.952	0.396
5900.000	10.000	-75.952	0.396
5910.000	10.000	-76.318	0.397
5920.000	10.000	-76.392	0.400
5930.000	10.000	-76.392	0.401
5940.000	10.000	-76.978	0.401
5950.000	10.000	-76.978	0.399
5960.000	10.000	-76.904	0.401
5970.000	10.000	-77.417	0.397
5980.000	10.000	-77.563	0.400
5990.000	10.000	-78.003	0.400
6000.000	10.000	-78.003	0.400
6010.000	10.000	-77.710	0.394
6020.000	10.000	-78.076	0.396
6030.000	10.000	-78.369	0.395
6040.000	10.000	-78.003	0.400
6050.000	10.000	-78.223	0.400
6060.000	10.000	-78.589	0.334
6070.000	10.000	-78.149	0.250
6080.000	10.000	-78.516	0.184
6090.000	10.000	-78.882	0.135
6100.000	10.000	-78.662	0.101
6110.000	10.000	-79.028	0.076
6120.000	10.000	-78.882	0.053
6130.000	10.000	-78.955	0.045
6140.000	10.000	-79.175	0.026
6150.000	10.000	-79.321	0.021
6160.000	10.000	-79.248	0.014
6170.000	10.000	-78.955	0.014
6180.000	10.000	-79.175	0.012
6190.000	10.000	-78.955	0.008
6200.000	10.000	-78.882	0.007
6210.000	10.000	-79.248	0.008
6220.000	10.000	-78.809	0.004
6230.000	10.000	-78.809	0.008
6240.000	10.000	-79.102	0.004
6250.000	10.000	-78.516	0.006
6260.000	10.000	-78.809	0.006
6270.000	10.000	-79.028	0.008
6280.000	10.000	-78.662	0.004
6290.000	10.000	-79.028	0.004
6300.000	10.000	-78.882	0.002
6310.000	10.000	-78.589	0.006
6320.000	10.000	-78.735	0.004
6330.000	10.000	-78.809	0.006
6340.000	10.000	-78.589	0.006
6350.000	10.000	-78.589	0.006
6360.000	10.000	-78.735	0.006
6370.000	10.000	-78.589	0.004
6380.000	10.000	-78.589	0.004
6390.000	10.000	-78.516	0.006
6400.000	10.000	-78.369	0.002
6410.000	10.000	-78.809	0.006
6420.000	10.000	-78.516	0.004
6430.000	10.000	-78.442	0.006
6440.000	10.000	-78.589	0.007
6450.000	10.000	-77.737	0.002
6460.000	10.000	-78.518	0.006
6470.000	10.000	-78.518	0.004
6480.000	10.000	-78.225	0.002
6490.000	10.000	-78.152	0.004
6500.000	10.000	-78.152	0.006
6510.000	10.000	-77.859	0.006
6520.000	10.000	-77.932	0.004
6530.000	10.000	-78.152	0.006
6540.000	10.000	-77.712	0.004
6550.000	10.000	-78.418	0.004
6560.000	10.000	-77.344	0.006
6570.000	10.000	-77.563	0.003
6580.000	10.000	-77.563	0.003
6590.000	10.000	-77.064	0.003
6600.000	10.000	-77.528	0.004
6610.000	10.000	-77.381	0.006
6620.000	10.000	-77.089	0.004
6630.000	10.000	-76.796	0.006
6640.000	10.000	-77.162	0.006
6650.000	10.000	-77.015	0.007
6660.000	10.000	-76.669	0.004
6670.000	10.000	-77.125	0.006
6680.000	10.000	-77.404	0.007
6690.000	10.000	-77.404	0.007
6700.000	10.000	-76.648	0.006
6710.000	10.000	-76.428	0.008
6720.000	10.000	-76.721	0.008
6730.000	10.000	-76.721	0.008
6740.000	10.000	-76.355	0.007
6750.000	10.000	-76.794	0.003
6760.000	10.000	-77.140	0.007
6770.000	10.000	-76.465	0.007
6780.000	10.000	-76.025	0.007
6790.000	10.000	-76.392	0.004
6800.000	10.000	-76.392	0.004
6810.000	10.000	-76.318	0.003
6820.000	10.000	-76.025	0.006
6830.000	10.000	-76.025	0.006
6840.000	10.000	-76.099	0.006
6850.000	10.000	-75.806	0.006
6860.000	10.000	-75.952	0.003
6870.000	10.000	-75.659	0.004
6880.000	10.000	-76.172	0.007
6890.000	10.000	-76.025	0.007
6900.000	10.000	-75.240	0.004
6910.000	10.000	-75.826	0.006
6920.000	10.000	-75.752	0.006
6930.000	10.000	-76.119	0.004
6940.000	10.000	-75.826	0.003
6950.000	10.000	-75.679	0.003
6960.000	10.000	-75.899	0.007
6970.000	10.000	-76.119	0.003
6980.000	10.000	-75.826	0.006
6990.000	10.000	-75.752	0.006
7000.000	10.000	-76.172	0.008
7010.000	10.000	-75.952	0.004
