%Time [ms]	Commanded Torque [mNm]	Angular Velocity [RPM]	Actual Current [Amp]	%2/23/201810:57 AM
0.000	0.000	0.000	0.000
0.000	5.000	0.000	0.007
10.000	5.000	0.000	0.007
20.000	5.000	0.000	0.008
30.000	5.000	0.000	0.009
40.000	5.000	0.000	0.008
50.000	5.000	0.000	0.006
60.000	5.000	0.000	0.004
70.000	5.000	0.000	0.007
80.000	5.000	0.000	0.007
90.000	5.000	0.000	0.007
100.000	5.000	0.000	0.006
110.000	5.000	0.000	0.007
120.000	5.000	0.000	0.007
130.000	5.000	0.000	0.007
140.000	5.000	0.000	0.006
150.000	5.000	0.000	0.008
160.000	5.000	0.000	0.008
170.000	5.000	0.000	0.004
180.000	5.000	0.000	0.004
190.000	5.000	0.000	0.006
200.000	5.000	0.000	0.003
210.000	5.000	0.000	0.008
220.000	5.000	0.000	0.008
230.000	5.000	0.000	0.004
240.000	5.000	0.000	0.003
250.000	5.000	0.000	0.004
260.000	5.000	0.000	0.007
270.000	5.000	0.000	0.008
280.000	5.000	0.000	0.008
290.000	5.000	0.000	0.003
300.000	5.000	0.000	0.004
310.000	5.000	0.000	0.003
320.000	5.000	0.000	0.006
330.000	5.000	0.000	0.003
340.000	5.000	0.000	0.008
350.000	5.000	0.000	0.008
360.000	5.000	0.000	0.003
370.000	5.000	0.000	0.007
380.000	5.000	0.000	0.008
390.000	5.000	0.000	0.008
400.000	5.000	0.000	0.003
410.000	5.000	0.000	0.003
420.000	5.000	0.000	0.007
430.000	5.000	0.000	0.007
440.000	5.000	0.000	0.008
450.000	5.000	0.000	0.008
460.000	5.000	0.000	0.008
470.000	5.000	0.000	0.007
480.000	5.000	0.000	0.007
490.000	5.000	0.000	0.007
500.000	5.000	0.000	0.006
510.000	5.000	0.000	0.008
520.000	5.000	0.000	0.006
530.000	5.000	0.000	0.003
540.000	5.000	0.000	0.007
550.000	5.000	0.000	0.006
560.000	5.000	0.000	0.007
570.000	5.000	0.000	0.007
580.000	5.000	0.000	0.007
590.000	5.000	0.000	0.006
600.000	5.000	0.000	0.006
610.000	5.000	0.000	0.006
620.000	5.000	0.000	0.007
630.000	5.000	0.000	0.006
640.000	5.000	0.000	0.003
650.000	5.000	0.000	0.004
660.000	5.000	0.000	0.003
670.000	5.000	0.000	0.002
680.000	5.000	0.000	0.006
690.000	5.000	0.000	0.006
700.000	5.000	0.000	0.008
710.000	5.000	0.000	0.006
720.000	5.000	0.000	0.004
730.000	5.000	0.000	0.008
740.000	5.000	0.000	0.007
750.000	5.000	0.000	0.007
760.000	5.000	0.000	0.004
770.000	5.000	0.000	0.004
780.000	5.000	0.000	0.008
790.000	5.000	0.000	0.006
800.000	5.000	0.000	0.002
810.000	5.000	0.000	0.003
820.000	5.000	0.000	0.006
830.000	5.000	0.000	0.006
840.000	5.000	0.000	0.003
850.000	5.000	0.000	0.003
860.000	5.000	0.000	0.004
870.000	5.000	0.000	0.006
880.000	5.000	0.000	0.006
890.000	5.000	0.000	0.007
900.000	5.000	0.000	0.004
910.000	5.000	0.000	0.006
920.000	5.000	0.000	0.008
930.000	5.000	0.000	0.006
940.000	5.000	0.000	0.004
950.000	5.000	0.000	0.006
960.000	5.000	0.000	0.006
970.000	5.000	0.000	0.006
980.000	5.000	0.000	0.004
990.000	5.000	0.000	0.008
1000.000	5.000	0.000	0.007
1010.000	5.000	0.000	0.006
1020.000	5.000	0.000	0.006
1030.000	5.000	0.000	0.004
1040.000	5.000	0.000	0.004
1050.000	5.000	0.000	0.008
1060.000	5.000	0.000	0.025
1070.000	5.000	0.000	0.073
1080.000	5.000	0.000	0.107
1090.000	5.000	0.000	0.134
1100.000	5.000	-0.073	0.152
1110.000	5.000	-0.073	0.163
1120.000	5.000	-0.146	0.178
1130.000	5.000	-0.146	0.183
1140.000	5.000	-0.220	0.186
1150.000	5.000	-0.293	0.192
1160.000	5.000	-0.366	0.192
1170.000	5.000	-0.439	0.197
1180.000	5.000	-0.513	0.195
1190.000	5.000	-0.659	0.198
1200.000	5.000	-0.659	0.202
1210.000	5.000	-0.732	0.201
1220.000	5.000	-0.806	0.200
1230.000	5.000	-0.952	0.200
1240.000	5.000	-1.025	0.203
1250.000	5.000	-1.099	0.201
1260.000	5.000	-1.172	0.202
1270.000	5.000	-1.392	0.200
1280.000	5.000	-1.538	0.201
1290.000	5.000	-1.538	0.201
1300.000	5.000	-1.685	0.201
1310.000	5.000	-1.685	0.198
1320.000	5.000	-1.738	0.201
1330.000	5.000	-1.665	0.200
1340.000	5.000	-1.681	0.202
1350.000	5.000	-1.681	0.201
1360.000	5.000	-1.681	0.202
1370.000	5.000	-1.534	0.202
1380.000	5.000	-1.534	0.202
1390.000	5.000	-1.608	0.200
1400.000	5.000	-1.608	0.201
1410.000	5.000	-1.827	0.201
1420.000	5.000	-1.921	0.203
1430.000	5.000	-2.067	0.201
1440.000	5.000	-2.124	0.202
1450.000	5.000	-2.197	0.201
1460.000	5.000	-2.271	0.202
1470.000	5.000	-2.344	0.202
1480.000	5.000	-2.417	0.201
1490.000	5.000	-2.710	0.202
1500.000	5.000	-2.710	0.202
1510.000	5.000	-2.710	0.202
1520.000	5.000	-2.637	0.201
1530.000	5.000	-2.637	0.201
1540.000	5.000	-2.637	0.203
1550.000	5.000	-2.637	0.201
1560.000	5.000	-2.710	0.201
1570.000	5.000	-2.710	0.201
1580.000	5.000	-2.783	0.202
1590.000	5.000	-2.783	0.201
1600.000	5.000	-2.783	0.203
1610.000	5.000	-2.783	0.203
1620.000	5.000	-2.856	0.202
1630.000	5.000	-3.003	0.202
1640.000	5.000	-3.223	0.203
1650.000	5.000	-3.516	0.203
1660.000	5.000	-3.662	0.203
1670.000	5.000	-3.662	0.201
1680.000	5.000	-3.589	0.198
1690.000	5.000	-3.516	0.203
1700.000	5.000	-3.735	0.200
1710.000	5.000	-3.882	0.203
1720.000	5.000	-3.882	0.203
1730.000	5.000	-3.955	0.201
1740.000	5.000	-3.882	0.202
1750.000	5.000	-3.735	0.203
1760.000	5.000	-3.882	0.200
1770.000	5.000	-4.175	0.203
1780.000	5.000	-4.248	0.203
1790.000	5.000	-4.248	0.203
1800.000	5.000	-4.248	0.201
1810.000	5.000	-4.102	0.201
1820.000	5.000	-4.102	0.200
1830.000	5.000	-4.175	0.203
1840.000	5.000	-4.248	0.202
1850.000	5.000	-4.321	0.201
1860.000	5.000	-4.321	0.201
1870.000	5.000	-4.395	0.200
1880.000	5.000	-4.614	0.202
1890.000	5.000	-4.687	0.201
1900.000	5.000	-4.907	0.202
1910.000	5.000	-5.200	0.202
1920.000	5.000	-5.200	0.202
1930.000	5.000	-5.200	0.203
1940.000	5.000	-5.347	0.202
1950.000	5.000	-5.566	0.201
1960.000	5.000	-5.713	0.200
1970.000	5.000	-5.566	0.203
1980.000	5.000	-5.347	0.201
1990.000	5.000	-5.493	0.201
2000.000	5.000	-5.713	0.202
2010.000	5.000	-5.786	0.201
2020.000	5.000	-5.640	0.202
2030.000	5.000	-5.786	0.201
2040.000	5.000	-5.933	0.203
2050.000	5.000	-5.843	0.203
2060.000	5.000	-5.697	0.201
2070.000	5.000	-5.770	0.198
2080.000	5.000	-6.283	0.200
2090.000	5.000	-6.283	0.201
2100.000	5.000	-6.576	0.201
2110.000	5.000	-6.576	0.201
2120.000	5.000	-6.356	0.201
2130.000	5.000	-6.209	0.200
2140.000	5.000	-6.445	0.200
2150.000	5.000	-6.519	0.201
2160.000	5.000	-6.592	0.202
2170.000	5.000	-6.738	0.200
2180.000	5.000	-6.812	0.202
2190.000	5.000	-6.665	0.200
2200.000	5.000	-6.519	0.201
2210.000	5.000	-6.519	0.201
2220.000	5.000	-6.738	0.200
2230.000	5.000	-6.958	0.203
2240.000	5.000	-7.251	0.189
2250.000	5.000	-7.251	0.202
2260.000	5.000	-7.251	0.200
2270.000	5.000	-7.178	0.202
2280.000	5.000	-7.104	0.201
2290.000	5.000	-7.324	0.202
2300.000	5.000	-7.617	0.202
2310.000	5.000	-7.471	0.202
2320.000	5.000	-7.471	0.202
2330.000	5.000	-7.397	0.203
2340.000	5.000	-7.544	0.203
2350.000	5.000	-7.471	0.203
2360.000	5.000	-7.764	0.205
2370.000	5.000	-8.203	0.197
2380.000	5.000	-7.983	0.200
2390.000	5.000	-7.910	0.200
2400.000	5.000	-8.043	0.203
2410.000	5.000	-7.832	0.201
2420.000	5.000	-8.125	0.202
2430.000	5.000	-8.564	0.203
2440.000	5.000	-8.198	0.203
2450.000	5.000	-8.344	0.201
2460.000	5.000	-8.418	0.202
2470.000	5.000	-8.271	0.203
2480.000	5.000	-8.784	0.202
2490.000	5.000	-8.784	0.202
2500.000	5.000	-8.724	0.201
2510.000	5.000	-8.862	0.202
2520.000	5.000	-8.789	0.202
2530.000	5.000	-8.936	0.201
2540.000	5.000	-9.082	0.202
2550.000	5.000	-9.009	0.200
2560.000	5.000	-9.229	0.201
2570.000	5.000	-9.302	0.202
2580.000	5.000	-9.375	0.205
2590.000	5.000	-9.448	0.200
2600.000	5.000	-9.521	0.203
2610.000	5.000	-9.668	0.200
2620.000	5.000	-9.741	0.201
2630.000	5.000	-9.814	0.202
2640.000	5.000	-9.741	0.201
2650.000	5.000	-10.181	0.202
2660.000	5.000	-9.941	0.201
2670.000	5.000	-10.307	0.200
2680.000	5.000	-10.250	0.197
2690.000	5.000	-10.250	0.197
2700.000	5.000	-10.470	0.203
2710.000	5.000	-10.470	0.202
2720.000	5.000	-10.690	0.200
2730.000	5.000	-10.323	0.201
2740.000	5.000	-10.836	0.203
2750.000	5.000	-10.690	0.201
2760.000	5.000	-11.076	0.201
2770.000	5.000	-10.913	0.202
2780.000	5.000	-11.060	0.201
2790.000	5.000	-11.353	0.203
2800.000	5.000	-11.353	0.203
2810.000	5.000	-11.119	0.203
2820.000	5.000	-11.266	0.201
2830.000	5.000	-11.559	0.198
2840.000	5.000	-11.705	0.202
2850.000	5.000	-11.486	0.200
2860.000	5.000	-11.486	0.200
2870.000	5.000	-11.901	0.203
2880.000	5.000	-12.047	0.203
2890.000	5.000	-11.901	0.201
2900.000	5.000	-11.974	0.202
2910.000	5.000	-12.427	0.200
2920.000	5.000	-12.354	0.201
2930.000	5.000	-12.280	0.201
2940.000	5.000	-12.134	0.202
2950.000	5.000	-12.793	0.200
2960.000	5.000	-12.573	0.203
2970.000	5.000	-12.817	0.203
2980.000	5.000	-13.257	0.202
2990.000	5.000	-12.817	0.201
3000.000	5.000	-12.964	0.202
3010.000	5.000	-12.964	0.202
3020.000	5.000	-13.330	0.203
3030.000	5.000	-13.623	0.202
3040.000	5.000	-13.550	0.200
3050.000	5.000	-13.843	0.202
3060.000	5.000	-13.843	0.202
3070.000	5.000	-13.696	0.202
3080.000	5.000	-13.770	0.200
3090.000	5.000	-13.916	0.201
3100.000	5.000	-14.062	0.201
3110.000	5.000	-14.209	0.203
3120.000	5.000	-14.282	0.202
3130.000	5.000	-14.355	0.201
3140.000	5.000	-14.355	0.201
3150.000	5.000	-14.575	0.201
3160.000	5.000	-14.502	0.200
3170.000	5.000	-14.868	0.201
3180.000	5.000	-15.308	0.201
3190.000	5.000	-14.868	0.202
3200.000	5.000	-15.308	0.203
3210.000	5.000	-15.454	0.203
3220.000	5.000	-15.015	0.201
3230.000	5.000	-15.674	0.202
3240.000	5.000	-15.967	0.203
3250.000	5.000	-15.527	0.205
3260.000	5.000	-15.740	0.201
3270.000	5.000	-15.887	0.201
3280.000	5.000	-15.521	0.201
3290.000	5.000	-16.033	0.203
3300.000	5.000	-16.253	0.200
3310.000	5.000	-16.042	0.203
3320.000	5.000	-16.334	0.203
3330.000	5.000	-16.408	0.207
3340.000	5.000	-16.261	0.198
3350.000	5.000	-16.847	0.201
3360.000	5.000	-17.000	0.202
3370.000	5.000	-16.927	0.200
3380.000	5.000	-17.513	0.200
3390.000	5.000	-17.293	0.200
3400.000	5.000	-17.293	0.202
3410.000	5.000	-17.651	0.201
3420.000	5.000	-17.871	0.201
3430.000	5.000	-17.798	0.201
3440.000	5.000	-17.798	0.201
3450.000	5.000	-17.871	0.200
3460.000	5.000	-18.237	0.201
3470.000	5.000	-18.237	0.201
3480.000	5.000	-18.091	0.200
3490.000	5.000	-18.237	0.203
3500.000	5.000	-18.384	0.201
3510.000	5.000	-18.604	0.201
3520.000	5.000	-18.530	0.201
3530.000	5.000	-18.677	0.201
3540.000	5.000	-18.677	0.203
3550.000	5.000	-18.823	0.202
3560.000	5.000	-18.703	0.201
3570.000	5.000	-18.850	0.201
3580.000	5.000	-19.297	0.202
3590.000	5.000	-19.297	0.202
3600.000	5.000	-19.371	0.202
3610.000	5.000	-19.224	0.201
3620.000	5.000	-19.517	0.203
3630.000	5.000	-19.464	0.202
3640.000	5.000	-19.968	0.203
3650.000	5.000	-20.115	0.203
3660.000	5.000	-19.869	0.201
3670.000	5.000	-20.088	0.201
3680.000	5.000	-19.860	0.202
3690.000	5.000	-20.300	0.202
3700.000	5.000	-20.446	0.200
3710.000	5.000	-20.446	0.201
3720.000	5.000	-20.739	0.200
3730.000	5.000	-20.646	0.203
3740.000	5.000	-20.801	0.202
3750.000	5.000	-20.361	0.201
3760.000	5.000	-20.874	0.205
3770.000	5.000	-20.801	0.202
3780.000	5.000	-20.947	0.201
3790.000	5.000	-21.021	0.203
3800.000	5.000	-21.240	0.200
3810.000	5.000	-21.021	0.202
3820.000	5.000	-21.460	0.201
3830.000	5.000	-21.167	0.200
3840.000	5.000	-21.680	0.202
3850.000	5.000	-21.460	0.201
3860.000	5.000	-21.826	0.201
3870.000	5.000	-21.606	0.201
3880.000	5.000	-21.680	0.201
3890.000	5.000	-21.753	0.203
3900.000	5.000	-21.753	0.201
3910.000	5.000	-21.753	0.201
3920.000	5.000	-21.973	0.201
3930.000	5.000	-21.826	0.201
3940.000	5.000	-22.119	0.202
3950.000	5.000	-22.485	0.202
3960.000	5.000	-22.485	0.202
3970.000	5.000	-22.192	0.203
3980.000	5.000	-22.559	0.202
3990.000	5.000	-22.559	0.201
4000.000	5.000	-22.852	0.202
4010.000	5.000	-22.632	0.205
4020.000	5.000	-22.778	0.201
4030.000	5.000	-22.778	0.203
4040.000	5.000	-22.998	0.200
4050.000	5.000	-22.925	0.201
4060.000	5.000	-22.998	0.202
4070.000	5.000	-23.071	0.201
4080.000	5.000	-23.291	0.202
4090.000	5.000	-23.218	0.203
4100.000	5.000	-23.218	0.203
4110.000	5.000	-23.364	0.198
4120.000	5.000	-23.511	0.201
4130.000	5.000	-23.511	0.201
4140.000	5.000	-23.511	0.201
4150.000	5.000	-23.584	0.202
4160.000	5.000	-23.657	0.201
4170.000	5.000	-23.584	0.202
4180.000	5.000	-23.730	0.201
4190.000	5.000	-23.804	0.201
4200.000	5.000	-23.804	0.200
4210.000	5.000	-23.730	0.200
4220.000	5.000	-23.950	0.202
4230.000	5.000	-23.877	0.202
4240.000	5.000	-23.877	0.202
4250.000	5.000	-24.097	0.200
4260.000	5.000	-24.170	0.202
4270.000	5.000	-24.170	0.200
4280.000	5.000	-24.316	0.201
4290.000	5.000	-24.243	0.201
4300.000	5.000	-24.243	0.201
4310.000	5.000	-24.756	0.201
4320.000	5.000	-24.536	0.201
4330.000	5.000	-24.829	0.202
4340.000	5.000	-24.756	0.203
4350.000	5.000	-24.902	0.200
4360.000	5.000	-24.976	0.203
4370.000	5.000	-24.976	0.205
4380.000	5.000	-24.976	0.203
4390.000	5.000	-24.976	0.202
4400.000	5.000	-24.756	0.202
4410.000	5.000	-24.976	0.201
4420.000	5.000	-24.756	0.201
4430.000	5.000	-24.902	0.203
4440.000	5.000	-24.756	0.202
4450.000	5.000	-24.756	0.202
4460.000	5.000	-25.269	0.202
4470.000	5.000	-25.049	0.202
4480.000	5.000	-25.269	0.203
4490.000	5.000	-25.269	0.202
4500.000	5.000	-25.562	0.201
4510.000	5.000	-25.342	0.202
4520.000	5.000	-25.488	0.202
4530.000	5.000	-25.562	0.203
4540.000	5.000	-25.488	0.200
4550.000	5.000	-25.195	0.202
4560.000	5.000	-25.708	0.201
4570.000	5.000	-25.415	0.203
4580.000	5.000	-25.708	0.202
4590.000	5.000	-25.488	0.201
4600.000	5.000	-25.488	0.201
4610.000	5.000	-25.675	0.198
4620.000	5.000	-25.642	0.201
4630.000	5.000	-25.642	0.203
4640.000	5.000	-25.862	0.203
4650.000	5.000	-25.862	0.202
4660.000	5.000	-25.789	0.202
4670.000	5.000	-25.789	0.202
4680.000	5.000	-26.301	0.203
4690.000	5.000	-25.789	0.202
4700.000	5.000	-26.082	0.203
4710.000	5.000	-25.968	0.201
4720.000	5.000	-26.001	0.202
4730.000	5.000	-26.001	0.201
4740.000	5.000	-26.001	0.203
4750.000	5.000	-26.367	0.201
4760.000	5.000	-26.147	0.203
4770.000	5.000	-26.367	0.201
4780.000	5.000	-26.074	0.201
4790.000	5.000	-26.440	0.203
4800.000	5.000	-26.440	0.205
4810.000	5.000	-26.733	0.203
4820.000	5.000	-26.660	0.203
4830.000	5.000	-26.880	0.201
4840.000	5.000	-26.587	0.203
4850.000	5.000	-26.880	0.203
4860.000	5.000	-26.440	0.201
4870.000	5.000	-26.440	0.201
4880.000	5.000	-26.587	0.202
4890.000	5.000	-27.026	0.202
4900.000	5.000	-26.880	0.201
4910.000	5.000	-27.100	0.201
4920.000	5.000	-26.880	0.203
4930.000	5.000	-27.026	0.202
4940.000	5.000	-26.700	0.203
4950.000	5.000	-27.074	0.205
4960.000	5.000	-27.367	0.201
4970.000	5.000	-27.367	0.201
4980.000	5.000	-27.514	0.202
4990.000	5.000	-27.148	0.202
5000.000	5.000	-27.261	0.201
5010.000	5.000	-27.497	0.200
5020.000	5.000	-27.717	0.203
5030.000	5.000	-27.936	0.202
5040.000	5.000	-27.896	0.203
5050.000	5.000	-27.669	0.201
5060.000	5.000	-27.595	0.202
5070.000	5.000	-27.742	0.201
5080.000	5.000	-27.978	0.201
5090.000	5.000	-28.051	0.203
5100.000	5.000	-28.231	0.203
5110.000	5.000	-27.995	0.202
5120.000	5.000	-27.995	0.197
5130.000	5.000	-28.068	0.201
5140.000	5.000	-28.215	0.202
5150.000	5.000	-28.215	0.203
5160.000	5.000	-28.581	0.205
5170.000	5.000	-28.581	0.200
5180.000	5.000	-28.418	0.201
5190.000	5.000	-28.491	0.202
5200.000	5.000	-28.491	0.203
5210.000	5.000	-28.857	0.200
5220.000	5.000	-28.711	0.203
5230.000	5.000	-28.564	0.201
5240.000	5.000	-28.784	0.205
5250.000	5.000	-28.797	0.201
5260.000	5.000	-28.838	0.202
5270.000	5.000	-28.911	0.202
5280.000	5.000	-28.838	0.202
5290.000	5.000	-29.351	0.201
5300.000	5.000	-29.278	0.202
5310.000	5.000	-28.985	0.203
5320.000	5.000	-29.351	0.200
5330.000	5.000	-29.497	0.201
5340.000	5.000	-29.704	0.203
5350.000	5.000	-29.704	0.203
5360.000	5.000	-29.150	0.201
5370.000	5.000	-29.883	0.203
5380.000	5.000	-29.370	0.203
5390.000	5.000	-29.370	0.203
5400.000	5.000	-30.029	0.203
5410.000	5.000	-30.029	0.201
5420.000	5.000	-29.810	0.200
5430.000	5.000	-29.956	0.202
5440.000	5.000	-30.103	0.201
5450.000	5.000	-30.249	0.198
5460.000	5.000	-30.542	0.200
5470.000	5.000	-30.322	0.205
5480.000	5.000	-30.542	0.200
5490.000	5.000	-30.615	0.202
5500.000	5.000	-30.835	0.203
5510.000	5.000	-30.835	0.200
5520.000	5.000	-31.055	0.201
5530.000	5.000	-31.055	0.201
5540.000	5.000	-31.128	0.200
5550.000	5.000	-31.128	0.201
5560.000	5.000	-31.181	0.201
5570.000	5.000	-31.450	0.205
5580.000	5.000	-31.669	0.205
5590.000	5.000	-31.596	0.201
5600.000	5.000	-31.596	0.201
5610.000	5.000	-32.182	0.201
5620.000	5.000	-32.182	0.201
5630.000	5.000	-32.036	0.203
5640.000	5.000	-32.402	0.202
5650.000	5.000	-32.475	0.201
5660.000	5.000	-32.568	0.201
5670.000	5.000	-32.666	0.203
5680.000	5.000	-32.739	0.203
5690.000	5.000	-32.812	0.200
5700.000	5.000	-33.105	0.198
5710.000	5.000	-33.105	0.198
5720.000	5.000	-32.886	0.202
5730.000	5.000	-33.105	0.203
5740.000	5.000	-33.105	0.200
5750.000	5.000	-33.179	0.202
5760.000	5.000	-33.545	0.201
5770.000	5.000	-33.472	0.203
5780.000	5.000	-33.691	0.201
5790.000	5.000	-33.691	0.202
5800.000	5.000	-33.838	0.203
5810.000	5.000	-33.618	0.201
5820.000	5.000	-34.204	0.203
5830.000	5.000	-33.984	0.203
5840.000	5.000	-33.911	0.201
5850.000	5.000	-34.351	0.201
5860.000	5.000	-34.131	0.201
5870.000	5.000	-34.351	0.202
5880.000	5.000	-34.131	0.203
5890.000	5.000	-34.371	0.200
5900.000	5.000	-34.908	0.200
5910.000	5.000	-34.761	0.202
5920.000	5.000	-34.541	0.200
5930.000	5.000	-35.201	0.203
5940.000	5.000	-35.127	0.202
5950.000	5.000	-34.981	0.202
5960.000	5.000	-34.941	0.203
5970.000	5.000	-35.161	0.201
5980.000	5.000	-35.861	0.202
5990.000	5.000	-35.621	0.202
6000.000	5.000	-35.303	0.202
6010.000	5.000	-35.670	0.200
6020.000	5.000	-35.963	0.201
6030.000	5.000	-35.523	0.203
6040.000	5.000	-35.816	0.172
6050.000	5.000	-35.816	0.172
6060.000	5.000	-36.369	0.128
6070.000	5.000	-36.003	0.094
6080.000	5.000	-35.669	0.068
6090.000	5.000	-35.889	0.051
6100.000	5.000	-36.108	0.042
6110.000	5.000	-35.962	0.029
6120.000	5.000	-35.742	0.023
6130.000	5.000	-35.889	0.019
6140.000	5.000	-35.962	0.014
6150.000	5.000	-36.108	0.008
6160.000	5.000	-35.669	0.010
6170.000	5.000	-35.962	0.006
6180.000	5.000	-35.742	0.007
6190.000	5.000	-36.035	0.009
6200.000	5.000	-35.522	0.008
6210.000	5.000	-35.596	0.007
6220.000	5.000	-35.596	0.007
6230.000	5.000	-35.815	0.008
6240.000	5.000	-35.376	0.010
6250.000	5.000	-35.376	0.007
6260.000	5.000	-35.376	0.006
6270.000	5.000	-35.522	0.002
6280.000	5.000	-35.156	0.006
6290.000	5.000	-34.817	-0.000
6300.000	5.000	-35.264	0.003
6310.000	5.000	-35.191	0.004
6320.000	5.000	-35.045	0.002
6330.000	5.000	-34.605	0.002
6340.000	5.000	-34.898	0.003
6350.000	5.000	-34.605	0.006
6360.000	5.000	-34.239	0.004
6370.000	5.000	-34.825	0.008
6380.000	5.000	-34.825	0.008
6390.000	5.000	-34.432	0.006
6400.000	5.000	-34.277	0.007
6410.000	5.000	-34.058	0.008
6420.000	5.000	-34.204	0.007
6430.000	5.000	-33.911	0.004
6440.000	5.000	-33.911	0.004
6450.000	5.000	-33.911	0.004
6460.000	5.000	-33.984	0.007
6470.000	5.000	-33.911	0.007
6480.000	5.000	-33.325	0.007
6490.000	5.000	-34.058	0.004
6500.000	5.000	-33.472	0.004
6510.000	5.000	-33.398	0.004
6520.000	5.000	-33.398	0.002
6530.000	5.000	-33.252	0.002
6540.000	5.000	-33.398	0.004
6550.000	5.000	-33.105	0.001
6560.000	5.000	-33.105	0.006
6570.000	5.000	-33.032	0.006
6580.000	5.000	-32.666	0.007
6590.000	5.000	-32.666	0.007
6600.000	5.000	-32.739	0.007
6610.000	5.000	-32.666	0.008
6620.000	5.000	-32.273	0.007
6630.000	5.000	-32.696	0.008
6640.000	5.000	-32.257	0.006
6650.000	5.000	-32.477	0.008
6660.000	5.000	-32.184	0.008
6670.000	5.000	-32.184	0.004
6680.000	5.000	-32.403	0.003
6690.000	5.000	-32.017	0.006
6700.000	5.000	-32.278	0.006
6710.000	5.000	-32.278	0.006
6720.000	5.000	-32.451	0.004
6730.000	5.000	-31.881	0.003
6740.000	5.000	-32.028	0.002
6750.000	5.000	-31.881	0.004
6760.000	5.000	-31.735	0.006
6770.000	5.000	-31.588	0.001
6780.000	5.000	-31.808	0.002
6790.000	5.000	-31.462	0.003
6800.000	5.000	-31.274	0.003
6810.000	5.000	-31.567	0.001
6820.000	5.000	-30.862	0.006
6830.000	5.000	-31.187	0.004
6840.000	5.000	-31.260	0.003
6850.000	5.000	-30.894	0.004
6860.000	5.000	-31.114	0.006
6870.000	5.000	-31.187	0.006
6880.000	5.000	-30.674	0.008
6890.000	5.000	-31.041	0.008
6900.000	5.000	-30.821	0.004
6910.000	5.000	-30.308	0.008
6920.000	5.000	-30.641	0.006
6930.000	5.000	-30.641	0.007
6940.000	5.000	-30.202	0.006
6950.000	5.000	-30.568	0.006
6960.000	5.000	-30.055	0.003
6970.000	5.000	-30.202	0.002
6980.000	5.000	-30.128	0.002
6990.000	5.000	-30.128	0.002
7000.000	5.000	-30.128	0.006
7010.000	5.000	-30.055	0.004
