%Time [ms]	Commanded Torque [mNm]	Angular Velocity [RPM]	Actual Current [Amp]	%2/23/201810:57 AM
0.000	0.000	0.000	0.000
0.000	6.000	0.000	0.007
10.000	6.000	0.000	0.007
20.000	6.000	0.000	0.006
30.000	6.000	0.000	0.006
40.000	6.000	0.000	0.007
50.000	6.000	0.000	0.009
60.000	6.000	0.000	0.006
70.000	6.000	0.000	0.007
80.000	6.000	0.000	0.008
90.000	6.000	0.000	0.006
100.000	6.000	0.000	0.004
110.000	6.000	0.000	0.006
120.000	6.000	0.000	0.004
130.000	6.000	0.000	0.007
140.000	6.000	-0.073	0.006
150.000	6.000	-0.073	0.006
160.000	6.000	-0.073	0.006
170.000	6.000	-0.073	0.002
180.000	6.000	-0.073	0.007
190.000	6.000	-0.073	0.007
200.000	6.000	-0.073	0.008
210.000	6.000	-0.073	0.006
220.000	6.000	-0.073	0.007
230.000	6.000	-0.073	0.006
240.000	6.000	-0.073	0.007
250.000	6.000	0.000	0.008
260.000	6.000	0.000	0.006
270.000	6.000	0.000	0.007
280.000	6.000	0.000	0.004
290.000	6.000	0.000	0.004
300.000	6.000	0.000	0.007
310.000	6.000	0.000	0.007
320.000	6.000	0.000	0.008
330.000	6.000	0.000	0.003
340.000	6.000	0.000	0.007
350.000	6.000	0.000	0.004
360.000	6.000	0.000	0.006
370.000	6.000	0.000	0.006
380.000	6.000	0.000	0.004
390.000	6.000	0.000	0.007
400.000	6.000	0.000	0.008
410.000	6.000	0.000	0.006
420.000	6.000	0.000	0.008
430.000	6.000	0.000	0.009
440.000	6.000	0.000	0.002
450.000	6.000	0.000	0.002
460.000	6.000	0.000	0.004
470.000	6.000	0.000	0.006
480.000	6.000	0.000	0.004
490.000	6.000	0.000	0.006
500.000	6.000	0.000	0.002
510.000	6.000	0.000	0.003
520.000	6.000	0.073	0.002
530.000	6.000	0.073	0.002
540.000	6.000	0.073	0.004
550.000	6.000	0.073	0.003
560.000	6.000	0.073	0.007
570.000	6.000	0.073	0.003
580.000	6.000	0.073	0.006
590.000	6.000	0.073	0.006
600.000	6.000	0.073	0.003
610.000	6.000	0.073	0.002
620.000	6.000	0.073	0.002
630.000	6.000	0.000	0.004
640.000	6.000	0.000	0.004
650.000	6.000	0.000	0.007
660.000	6.000	0.000	0.007
670.000	6.000	0.000	0.006
680.000	6.000	0.000	0.006
690.000	6.000	0.000	0.002
700.000	6.000	0.000	0.004
710.000	6.000	0.000	-0.000
720.000	6.000	0.000	0.006
730.000	6.000	0.000	0.006
740.000	6.000	0.000	0.008
750.000	6.000	0.000	0.004
760.000	6.000	0.000	0.004
770.000	6.000	0.000	0.008
780.000	6.000	0.000	0.008
790.000	6.000	0.000	0.008
800.000	6.000	0.000	0.004
810.000	6.000	0.000	0.007
820.000	6.000	0.000	0.007
830.000	6.000	0.000	0.004
840.000	6.000	0.000	0.003
850.000	6.000	0.000	0.002
860.000	6.000	0.000	0.003
870.000	6.000	0.000	0.002
880.000	6.000	0.000	0.002
890.000	6.000	0.000	0.006
900.000	6.000	0.000	0.006
910.000	6.000	0.000	0.007
920.000	6.000	0.000	0.007
930.000	6.000	0.000	0.002
940.000	6.000	0.000	0.001
950.000	6.000	0.000	0.003
960.000	6.000	0.000	0.006
970.000	6.000	0.000	0.006
980.000	6.000	0.000	0.008
990.000	6.000	0.000	0.002
1000.000	6.000	0.000	0.003
1010.000	6.000	0.000	0.006
1020.000	6.000	0.000	0.003
1030.000	6.000	0.000	0.003
1040.000	6.000	0.000	0.003
1050.000	6.000	-0.073	0.029
1060.000	6.000	-0.073	0.090
1070.000	6.000	-0.073	0.129
1080.000	6.000	-0.073	0.158
1090.000	6.000	-0.146	0.181
1100.000	6.000	-0.146	0.196
1110.000	6.000	-0.213	0.208
1120.000	6.000	-0.294	0.218
1130.000	6.000	-0.368	0.224
1140.000	6.000	-0.441	0.227
1150.000	6.000	-0.514	0.233
1160.000	6.000	-0.587	0.235
1170.000	6.000	-0.880	0.238
1180.000	6.000	-1.027	0.238
1190.000	6.000	-1.027	0.238
1200.000	6.000	-1.247	0.239
1210.000	6.000	-1.400	0.242
1220.000	6.000	-1.465	0.238
1230.000	6.000	-1.685	0.239
1240.000	6.000	-1.685	0.241
1250.000	6.000	-1.758	0.241
1260.000	6.000	-1.758	0.240
1270.000	6.000	-1.758	0.242
1280.000	6.000	-1.685	0.242
1290.000	6.000	-1.685	0.240
1300.000	6.000	-1.685	0.239
1310.000	6.000	-1.831	0.240
1320.000	6.000	-1.978	0.239
1330.000	6.000	-1.978	0.239
1340.000	6.000	-2.124	0.244
1350.000	6.000	-2.197	0.240
1360.000	6.000	-2.271	0.241
1370.000	6.000	-2.417	0.241
1380.000	6.000	-2.783	0.245
1390.000	6.000	-2.783	0.245
1400.000	6.000	-3.003	0.244
1410.000	6.000	-3.149	0.239
1420.000	6.000	-3.149	0.238
1430.000	6.000	-3.076	0.240
1440.000	6.000	-3.003	0.239
1450.000	6.000	-3.050	0.242
1460.000	6.000	-3.123	0.241
1470.000	6.000	-3.237	0.242
1480.000	6.000	-3.383	0.241
1490.000	6.000	-3.383	0.240
1500.000	6.000	-3.310	0.240
1510.000	6.000	-3.530	0.241
1520.000	6.000	-3.823	0.241
1530.000	6.000	-4.116	0.240
1540.000	6.000	-4.215	0.240
1550.000	6.000	-4.215	0.239
1560.000	6.000	-4.248	0.239
1570.000	6.000	-4.321	0.244
1580.000	6.000	-4.541	0.242
1590.000	6.000	-4.614	0.242
1600.000	6.000	-4.687	0.241
1610.000	6.000	-4.687	0.244
1620.000	6.000	-4.834	0.240
1630.000	6.000	-4.834	0.240
1640.000	6.000	-4.834	0.238
1650.000	6.000	-4.834	0.239
1660.000	6.000	-4.907	0.240
1670.000	6.000	-4.980	0.241
1680.000	6.000	-5.127	0.240
1690.000	6.000	-5.054	0.240
1700.000	6.000	-5.080	0.241
1710.000	6.000	-5.373	0.238
1720.000	6.000	-5.666	0.241
1730.000	6.000	-5.447	0.239
1740.000	6.000	-5.447	0.240
1750.000	6.000	-5.666	0.244
1760.000	6.000	-6.099	0.240
1770.000	6.000	-6.156	0.240
1780.000	6.000	-6.229	0.244
1790.000	6.000	-6.595	0.238
1800.000	6.000	-6.715	0.238
1810.000	6.000	-6.422	0.242
1820.000	6.000	-6.276	0.239
1830.000	6.000	-6.569	0.244
1840.000	6.000	-6.935	0.240
1850.000	6.000	-7.088	0.241
1860.000	6.000	-7.104	0.240
1870.000	6.000	-6.958	0.241
1880.000	6.000	-6.958	0.241
1890.000	6.000	-7.031	0.244
1900.000	6.000	-7.178	0.239
1910.000	6.000	-7.544	0.240
1920.000	6.000	-7.910	0.244
1930.000	6.000	-7.690	0.240
1940.000	6.000	-7.690	0.241
1950.000	6.000	-7.837	0.242
1960.000	6.000	-7.617	0.244
1970.000	6.000	-7.983	0.242
1980.000	6.000	-8.350	0.240
1990.000	6.000	-8.057	0.240
2000.000	6.000	-8.350	0.239
2010.000	6.000	-8.350	0.239
2020.000	6.000	-8.203	0.241
2030.000	6.000	-8.716	0.240
2040.000	6.000	-8.716	0.239
2050.000	6.000	-8.496	0.240
2060.000	6.000	-8.862	0.239
2070.000	6.000	-8.716	0.239
2080.000	6.000	-8.936	0.240
2090.000	6.000	-9.082	0.240
2100.000	6.000	-9.082	0.242
2110.000	6.000	-9.229	0.241
2120.000	6.000	-9.302	0.241
2130.000	6.000	-9.448	0.242
2140.000	6.000	-9.521	0.241
2150.000	6.000	-9.741	0.241
2160.000	6.000	-9.668	0.242
2170.000	6.000	-9.961	0.239
2180.000	6.000	-9.961	0.244
2190.000	6.000	-9.888	0.240
2200.000	6.000	-10.392	0.242
2210.000	6.000	-10.246	0.242
2220.000	6.000	-10.685	0.238
2230.000	6.000	-10.173	0.239
2240.000	6.000	-10.612	0.244
2250.000	6.000	-10.685	0.240
2260.000	6.000	-10.978	0.241
2270.000	6.000	-10.905	0.240
2280.000	6.000	-10.905	0.240
2290.000	6.000	-11.344	0.239
2300.000	6.000	-11.353	0.240
2310.000	6.000	-11.333	0.239
2320.000	6.000	-11.040	0.244
2330.000	6.000	-11.609	0.240
2340.000	6.000	-11.902	0.238
2350.000	6.000	-11.902	0.245
2360.000	6.000	-11.902	0.241
2370.000	6.000	-12.415	0.242
2380.000	6.000	-12.122	0.241
2390.000	6.000	-12.122	0.241
2400.000	6.000	-12.122	0.241
2410.000	6.000	-12.435	0.245
2420.000	6.000	-12.801	0.239
2430.000	6.000	-12.598	0.240
2440.000	6.000	-13.110	0.244
2450.000	6.000	-12.817	0.241
2460.000	6.000	-13.037	0.239
2470.000	6.000	-13.037	0.239
2480.000	6.000	-12.817	0.242
2490.000	6.000	-13.477	0.241
2500.000	6.000	-13.330	0.242
2510.000	6.000	-13.550	0.242
2520.000	6.000	-13.770	0.241
2530.000	6.000	-13.696	0.240
2540.000	6.000	-13.843	0.241
2550.000	6.000	-13.843	0.241
2560.000	6.000	-14.062	0.240
2570.000	6.000	-14.209	0.240
2580.000	6.000	-14.429	0.240
2590.000	6.000	-14.282	0.238
2600.000	6.000	-14.502	0.241
2610.000	6.000	-14.429	0.240
2620.000	6.000	-14.429	0.240
2630.000	6.000	-14.868	0.240
2640.000	6.000	-14.868	0.238
2650.000	6.000	-14.941	0.241
2660.000	6.000	-15.088	0.240
2670.000	6.000	-15.088	0.241
2680.000	6.000	-15.308	0.240
2690.000	6.000	-15.527	0.239
2700.000	6.000	-15.674	0.241
2710.000	6.000	-15.894	0.238
2720.000	6.000	-15.747	0.240
2730.000	6.000	-15.894	0.236
2740.000	6.000	-15.967	0.239
2750.000	6.000	-16.040	0.242
2760.000	6.000	-16.479	0.239
2770.000	6.000	-16.333	0.240
2780.000	6.000	-16.260	0.244
2790.000	6.000	-16.553	0.239
2800.000	6.000	-16.406	0.241
2810.000	6.000	-16.699	0.245
2820.000	6.000	-17.065	0.241
2830.000	6.000	-17.139	0.241
2840.000	6.000	-17.285	0.242
2850.000	6.000	-17.212	0.241
2860.000	6.000	-17.285	0.241
2870.000	6.000	-17.871	0.238
2880.000	6.000	-17.725	0.242
2890.000	6.000	-17.651	0.240
2900.000	6.000	-18.091	0.241
2910.000	6.000	-18.018	0.244
2920.000	6.000	-18.237	0.241
2930.000	6.000	-18.018	0.241
2940.000	6.000	-18.164	0.244
2950.000	6.000	-18.457	0.239
2960.000	6.000	-18.530	0.241
2970.000	6.000	-18.677	0.241
2980.000	6.000	-18.896	0.239
2990.000	6.000	-18.970	0.244
3000.000	6.000	-19.043	0.240
3010.000	6.000	-19.263	0.244
3020.000	6.000	-19.263	0.241
3030.000	6.000	-19.596	0.239
3040.000	6.000	-20.051	0.244
3050.000	6.000	-19.978	0.244
3060.000	6.000	-20.125	0.240
3070.000	6.000	-19.832	0.240
3080.000	6.000	-20.198	0.239
3090.000	6.000	-20.418	0.240
3100.000	6.000	-20.371	0.240
3110.000	6.000	-20.762	0.240
3120.000	6.000	-20.542	0.239
3130.000	6.000	-21.015	0.239
3140.000	6.000	-20.486	0.242
3150.000	6.000	-20.925	0.240
3160.000	6.000	-20.779	0.239
3170.000	6.000	-21.145	0.239
3180.000	6.000	-21.291	0.242
3190.000	6.000	-21.631	0.241
3200.000	6.000	-21.313	0.242
3210.000	6.000	-21.753	0.238
3220.000	6.000	-21.606	0.241
3230.000	6.000	-22.192	0.242
3240.000	6.000	-21.973	0.236
3250.000	6.000	-21.973	0.236
3260.000	6.000	-22.412	0.245
3270.000	6.000	-22.339	0.242
3280.000	6.000	-22.632	0.241
3290.000	6.000	-22.778	0.240
3300.000	6.000	-22.778	0.242
3310.000	6.000	-22.998	0.244
3320.000	6.000	-22.998	0.239
3330.000	6.000	-23.145	0.242
3340.000	6.000	-23.218	0.239
3350.000	6.000	-23.364	0.241
3360.000	6.000	-23.437	0.242
3370.000	6.000	-23.437	0.242
3380.000	6.000	-23.437	0.239
3390.000	6.000	-23.584	0.240
3400.000	6.000	-23.657	0.239
3410.000	6.000	-23.804	0.240
3420.000	6.000	-23.804	0.244
3430.000	6.000	-23.877	0.240
3440.000	6.000	-24.080	0.241
3450.000	6.000	-24.154	0.241
3460.000	6.000	-24.080	0.241
3470.000	6.000	-24.373	0.240
3480.000	6.000	-24.373	0.241
3490.000	6.000	-24.593	0.240
3500.000	6.000	-24.447	0.240
3510.000	6.000	-24.886	0.240
3520.000	6.000	-24.666	0.242
3530.000	6.000	-25.179	0.239
3540.000	6.000	-24.829	0.240
3550.000	6.000	-25.155	0.242
3560.000	6.000	-25.269	0.240
3570.000	6.000	-25.343	0.240
3580.000	6.000	-25.269	0.240
3590.000	6.000	-25.416	0.239
3600.000	6.000	-25.343	0.240
3610.000	6.000	-25.782	0.241
3620.000	6.000	-25.562	0.239
3630.000	6.000	-26.002	0.241
3640.000	6.000	-25.895	0.239
3650.000	6.000	-26.001	0.245
3660.000	6.000	-25.854	0.242
3670.000	6.000	-25.854	0.242
3680.000	6.000	-26.147	0.239
3690.000	6.000	-26.147	0.241
3700.000	6.000	-26.221	0.240
3710.000	6.000	-26.514	0.241
3720.000	6.000	-26.367	0.245
3730.000	6.000	-26.660	0.239
3740.000	6.000	-26.294	0.244
3750.000	6.000	-26.440	0.239
3760.000	6.000	-26.660	0.238
3770.000	6.000	-26.880	0.240
3780.000	6.000	-26.807	0.242
3790.000	6.000	-27.100	0.238
3800.000	6.000	-27.100	0.238
3810.000	6.000	-26.733	0.244
3820.000	6.000	-26.880	0.244
3830.000	6.000	-27.026	0.240
3840.000	6.000	-27.246	0.242
3850.000	6.000	-27.466	0.244
3860.000	6.000	-27.393	0.239
3870.000	6.000	-27.466	0.242
3880.000	6.000	-27.173	0.239
3890.000	6.000	-27.612	0.242
3900.000	6.000	-27.612	0.242
3910.000	6.000	-27.759	0.239
3920.000	6.000	-27.759	0.241
3930.000	6.000	-27.612	0.242
3940.000	6.000	-27.612	0.242
3950.000	6.000	-27.832	0.240
3960.000	6.000	-27.905	0.241
3970.000	6.000	-27.792	0.239
3980.000	6.000	-28.166	0.239
3990.000	6.000	-28.166	0.239
4000.000	6.000	-28.240	0.242
4010.000	6.000	-28.240	0.241
4020.000	6.000	-28.533	0.241
4030.000	6.000	-28.606	0.239
4040.000	6.000	-28.606	0.239
4050.000	6.000	-28.533	0.241
4060.000	6.000	-28.606	0.244
4070.000	6.000	-28.792	0.240
4080.000	6.000	-28.711	0.242
4090.000	6.000	-29.004	0.240
4100.000	6.000	-28.857	0.242
4110.000	6.000	-28.931	0.242
4120.000	6.000	-29.224	0.244
4130.000	6.000	-29.077	0.244
4140.000	6.000	-29.004	0.240
4150.000	6.000	-29.443	0.242
4160.000	6.000	-29.443	0.242
4170.000	6.000	-29.370	0.238
4180.000	6.000	-29.370	0.240
4190.000	6.000	-29.297	0.242
4200.000	6.000	-29.224	0.244
4210.000	6.000	-29.663	0.241
4220.000	6.000	-29.517	0.239
4230.000	6.000	-29.024	0.240
4240.000	6.000	-29.887	0.241
4250.000	6.000	-29.887	0.240
4260.000	6.000	-29.594	0.240
4270.000	6.000	-29.960	0.241
4280.000	6.000	-30.106	0.238
4290.000	6.000	-30.106	0.239
4300.000	6.000	-30.253	0.238
4310.000	6.000	-30.399	0.249
4320.000	6.000	-30.399	0.249
4330.000	6.000	-30.526	0.244
4340.000	6.000	-30.249	0.241
4350.000	6.000	-30.469	0.238
4360.000	6.000	-30.322	0.240
4370.000	6.000	-30.322	0.244
4380.000	6.000	-30.376	0.240
4390.000	6.000	-30.538	0.239
4400.000	6.000	-30.612	0.242
4410.000	6.000	-30.512	0.247
4420.000	6.000	-30.740	0.236
4430.000	6.000	-30.959	0.245
4440.000	6.000	-30.593	0.242
4450.000	6.000	-30.959	0.239
4460.000	6.000	-31.399	0.240
4470.000	6.000	-31.399	0.240
4480.000	6.000	-31.126	0.241
4490.000	6.000	-31.109	0.238
4500.000	6.000	-31.549	0.239
4510.000	6.000	-31.283	0.241
4520.000	6.000	-31.494	0.242
4530.000	6.000	-31.860	0.239
4540.000	6.000	-31.348	0.239
4550.000	6.000	-32.007	0.245
4560.000	6.000	-32.007	0.245
4570.000	6.000	-31.494	0.240
4580.000	6.000	-32.080	0.242
4590.000	6.000	-32.153	0.241
4600.000	6.000	-32.007	0.245
4610.000	6.000	-32.373	0.244
4620.000	6.000	-32.147	0.239
4630.000	6.000	-32.529	0.242
4640.000	6.000	-32.749	0.246
4650.000	6.000	-32.676	0.239
4660.000	6.000	-32.822	0.240
4670.000	6.000	-33.115	0.241
4680.000	6.000	-32.895	0.241
4690.000	6.000	-33.115	0.240
4700.000	6.000	-33.481	0.240
4710.000	6.000	-33.262	0.241
4720.000	6.000	-33.488	0.240
4730.000	6.000	-33.252	0.239
4740.000	6.000	-33.325	0.245
4750.000	6.000	-33.691	0.240
4760.000	6.000	-33.398	0.241
4770.000	6.000	-33.838	0.240
4780.000	6.000	-33.984	0.241
4790.000	6.000	-33.911	0.242
4800.000	6.000	-33.691	0.239
4810.000	6.000	-34.351	0.238
4820.000	6.000	-34.277	0.240
4830.000	6.000	-34.131	0.238
4840.000	6.000	-34.497	0.242
4850.000	6.000	-34.644	0.239
4860.000	6.000	-34.790	0.239
4870.000	6.000	-34.570	0.240
4880.000	6.000	-34.717	0.239
4890.000	6.000	-35.229	0.240
4900.000	6.000	-34.937	0.242
4910.000	6.000	-34.863	0.240
4920.000	6.000	-35.303	0.244
4930.000	6.000	-35.669	0.236
4940.000	6.000	-35.522	0.240
4950.000	6.000	-35.376	0.238
4960.000	6.000	-35.962	0.241
4970.000	6.000	-35.742	0.245
4980.000	6.000	-35.742	0.238
4990.000	6.000	-36.182	0.242
5000.000	6.000	-36.328	0.241
5010.000	6.000	-36.694	0.240
5020.000	6.000	-36.694	0.240
5030.000	6.000	-36.182	0.242
5040.000	6.000	-36.621	0.240
5050.000	6.000	-36.621	0.240
5060.000	6.000	-37.061	0.240
5070.000	6.000	-37.134	0.241
5080.000	6.000	-37.207	0.244
5090.000	6.000	-37.061	0.240
5100.000	6.000	-37.541	0.242
5110.000	6.000	-37.467	0.238
5120.000	6.000	-37.614	0.242
5130.000	6.000	-37.834	0.239
5140.000	6.000	-37.834	0.239
5150.000	6.000	-38.200	0.241
5160.000	6.000	-38.053	0.244
5170.000	6.000	-38.127	0.240
5180.000	6.000	-38.639	0.242
5190.000	6.000	-38.713	0.240
5200.000	6.000	-38.525	0.239
5210.000	6.000	-38.745	0.240
5220.000	6.000	-38.172	0.241
5230.000	6.000	-39.214	0.244
5240.000	6.000	-39.287	0.245
5250.000	6.000	-39.068	0.241
5260.000	6.000	-39.287	0.244
5270.000	6.000	-39.214	0.241
5280.000	6.000	-38.928	0.239
5290.000	6.000	-39.750	0.245
5300.000	6.000	-39.663	0.241
5310.000	6.000	-40.184	0.242
5320.000	6.000	-40.390	0.242
5330.000	6.000	-39.935	0.244
5340.000	6.000	-39.708	0.241
5350.000	6.000	-40.359	0.239
5360.000	6.000	-40.433	0.239
5370.000	6.000	-40.652	0.241
5380.000	6.000	-41.158	0.241
5390.000	6.000	-40.410	0.242
5400.000	6.000	-40.716	0.242
5410.000	6.000	-40.415	0.240
5420.000	6.000	-40.488	0.242
5430.000	6.000	-40.561	0.238
5440.000	6.000	-41.007	0.245
5450.000	6.000	-40.942	0.240
5460.000	6.000	-40.942	0.240
5470.000	6.000	-40.490	0.244
5480.000	6.000	-40.864	0.241
5490.000	6.000	-41.157	0.242
5500.000	6.000	-41.157	0.238
5510.000	6.000	-41.010	0.245
5520.000	6.000	-41.450	0.242
5530.000	6.000	-41.596	0.241
5540.000	6.000	-41.670	0.240
5550.000	6.000	-41.377	0.242
5560.000	6.000	-41.377	0.242
5570.000	6.000	-41.756	0.240
5580.000	6.000	-41.602	0.240
5590.000	6.000	-41.675	0.239
5600.000	6.000	-41.675	0.244
5610.000	6.000	-41.895	0.239
5620.000	6.000	-41.895	0.242
5630.000	6.000	-41.821	0.239
5640.000	6.000	-41.968	0.244
5650.000	6.000	-41.968	0.242
5660.000	6.000	-41.968	0.242
5670.000	6.000	-42.114	0.239
5680.000	6.000	-42.041	0.245
5690.000	6.000	-42.114	0.239
5700.000	6.000	-42.114	0.241
5710.000	6.000	-42.261	0.242
5720.000	6.000	-42.334	0.242
5730.000	6.000	-42.261	0.244
5740.000	6.000	-42.554	0.239
5750.000	6.000	-42.480	0.244
5760.000	6.000	-42.700	0.239
5770.000	6.000	-42.700	0.241
5780.000	6.000	-42.700	0.239
5790.000	6.000	-42.700	0.239
5800.000	6.000	-42.920	0.244
5810.000	6.000	-42.554	0.239
5820.000	6.000	-42.554	0.240
5830.000	6.000	-42.627	0.245
5840.000	6.000	-42.627	0.240
5850.000	6.000	-43.066	0.239
5860.000	6.000	-43.066	0.244
5870.000	6.000	-43.140	0.241
5880.000	6.000	-42.920	0.239
5890.000	6.000	-43.140	0.242
5900.000	6.000	-43.066	0.242
5910.000	6.000	-43.579	0.244
5920.000	6.000	-43.433	0.245
5930.000	6.000	-43.433	0.241
5940.000	6.000	-43.213	0.242
5950.000	6.000	-43.140	0.244
5960.000	6.000	-43.286	0.240
5970.000	6.000	-43.286	0.240
5980.000	6.000	-43.799	0.242
5990.000	6.000	-43.652	0.244
6000.000	6.000	-43.945	0.239
6010.000	6.000	-43.579	0.241
6020.000	6.000	-43.945	0.244
6030.000	6.000	-44.019	0.242
6040.000	6.000	-43.945	0.241
6050.000	6.000	-44.019	0.203
6060.000	6.000	-44.019	0.151
6070.000	6.000	-44.019	0.151
6080.000	6.000	-43.945	0.114
6090.000	6.000	-43.945	0.084
6100.000	6.000	-43.799	0.062
6110.000	6.000	-43.945	0.046
6120.000	6.000	-43.872	0.034
6130.000	6.000	-44.238	0.030
6140.000	6.000	-44.165	0.021
6150.000	6.000	-44.385	0.014
6160.000	6.000	-44.092	0.014
6170.000	6.000	-44.312	0.010
6180.000	6.000	-43.945	0.009
6190.000	6.000	-44.019	0.008
6200.000	6.000	-43.552	0.007
6210.000	6.000	-43.699	0.009
6220.000	6.000	-44.033	0.008
6230.000	6.000	-43.886	0.009
6240.000	6.000	-43.666	0.009
6250.000	6.000	-43.447	0.006
6260.000	6.000	-43.520	0.006
6270.000	6.000	-43.300	0.004
6280.000	6.000	-43.666	0.003
6290.000	6.000	-43.740	0.003
6300.000	6.000	-44.206	0.004
6310.000	6.000	-43.799	0.006
6320.000	6.000	-43.799	0.006
6330.000	6.000	-43.359	0.006
6340.000	6.000	-43.506	0.002
6350.000	6.000	-43.433	0.004
6360.000	6.000	-43.506	0.006
6370.000	6.000	-43.506	0.006
6380.000	6.000	-43.433	0.006
6390.000	6.000	-43.213	0.008
6400.000	6.000	-42.993	0.006
6410.000	6.000	-42.993	0.006
6420.000	6.000	-42.993	0.006
6430.000	6.000	-43.652	-0.000
6440.000	6.000	-43.579	0.003
6450.000	6.000	-43.799	0.002
6460.000	6.000	-43.359	0.003
6470.000	6.000	-43.286	0.006
6480.000	6.000	-43.213	0.002
6490.000	6.000	-43.359	0.002
6500.000	6.000	-43.433	0.002
6510.000	6.000	-43.433	0.002
6520.000	6.000	-43.286	-0.000
6530.000	6.000	-43.066	0.004
6540.000	6.000	-43.140	0.006
6550.000	6.000	-43.066	0.007
6560.000	6.000	-43.579	0.009
6570.000	6.000	-43.579	0.009
6580.000	6.000	-43.652	0.009
6590.000	6.000	-43.213	0.006
6600.000	6.000	-43.213	0.001
6610.000	6.000	-43.140	0.003
6620.000	6.000	-43.286	0.004
6630.000	6.000	-43.140	0.002
6640.000	6.000	-42.993	0.001
6650.000	6.000	-42.847	0.003
6660.000	6.000	-42.700	0.003
6670.000	6.000	-42.847	0.003
6680.000	6.000	-42.514	0.006
6690.000	6.000	-43.026	0.004
6700.000	6.000	-43.344	0.004
6710.000	6.000	-43.051	0.006
6720.000	6.000	-42.831	0.004
6730.000	6.000	-42.978	0.007
6740.000	6.000	-43.051	0.008
6750.000	6.000	-43.124	0.007
6760.000	6.000	-42.611	0.009
6770.000	6.000	-42.611	0.009
6780.000	6.000	-42.944	0.006
6790.000	6.000	-42.798	0.001
6800.000	6.000	-42.554	0.002
6810.000	6.000	-42.700	0.002
6820.000	6.000	-42.700	0.006
6830.000	6.000	-42.554	0.008
6840.000	6.000	-42.480	0.004
6850.000	6.000	-42.407	0.004
6860.000	6.000	-42.480	0.006
6870.000	6.000	-42.480	0.004
6880.000	6.000	-42.334	0.004
6890.000	6.000	-42.407	0.007
6900.000	6.000	-42.261	0.007
6910.000	6.000	-42.334	0.009
6920.000	6.000	-42.041	0.007
6930.000	6.000	-42.114	0.008
6940.000	6.000	-42.041	0.004
6950.000	6.000	-41.968	0.004
6960.000	6.000	-41.821	0.006
6970.000	6.000	-41.895	0.003
6980.000	6.000	-41.895	0.003
6990.000	6.000	-41.748	0.003
7000.000	6.000	-41.675	-0.000
7010.000	6.000	-41.235	0.003
