%Time [ms]	Commanded Torque [mNm]	Angular Velocity [RPM]	Actual Current [Amp]	%2/23/201810:58 AM
0.000	0.000	0.000	0.000
0.000	7.000	0.000	0.008
10.000	7.000	0.000	0.007
20.000	7.000	0.000	0.009
30.000	7.000	0.000	0.007
40.000	7.000	0.000	0.009
50.000	7.000	0.000	0.007
60.000	7.000	0.000	0.010
70.000	7.000	0.000	0.009
80.000	7.000	0.000	0.006
90.000	7.000	0.000	0.010
100.000	7.000	0.000	0.010
110.000	7.000	0.000	0.010
120.000	7.000	0.000	0.007
130.000	7.000	0.000	0.007
140.000	7.000	0.000	0.008
150.000	7.000	0.000	0.009
160.000	7.000	0.000	0.008
170.000	7.000	0.000	0.007
180.000	7.000	0.000	0.003
190.000	7.000	0.000	0.007
200.000	7.000	0.000	0.006
210.000	7.000	0.000	0.008
220.000	7.000	0.000	0.008
230.000	7.000	0.000	0.006
240.000	7.000	0.000	0.004
250.000	7.000	0.000	0.006
260.000	7.000	0.000	0.008
270.000	7.000	0.000	0.004
280.000	7.000	0.000	0.008
290.000	7.000	0.000	0.003
300.000	7.000	0.000	0.004
310.000	7.000	0.000	0.007
320.000	7.000	0.000	0.007
330.000	7.000	0.000	0.007
340.000	7.000	0.000	0.004
350.000	7.000	0.000	0.006
360.000	7.000	0.000	0.007
370.000	7.000	0.000	0.008
380.000	7.000	0.073	0.008
390.000	7.000	0.073	0.007
400.000	7.000	0.073	0.007
410.000	7.000	0.073	0.007
420.000	7.000	0.073	0.003
430.000	7.000	0.073	0.006
440.000	7.000	0.073	0.008
450.000	7.000	0.073	0.004
460.000	7.000	0.073	0.006
470.000	7.000	0.073	0.004
480.000	7.000	0.000	0.004
490.000	7.000	0.000	0.004
500.000	7.000	0.000	0.006
510.000	7.000	0.000	0.004
520.000	7.000	0.000	0.006
530.000	7.000	0.000	-0.000
540.000	7.000	0.000	0.007
550.000	7.000	0.000	0.008
560.000	7.000	0.000	0.006
570.000	7.000	0.000	0.007
580.000	7.000	0.000	0.004
590.000	7.000	0.000	0.002
600.000	7.000	0.000	0.006
610.000	7.000	0.000	0.004
620.000	7.000	0.000	0.007
630.000	7.000	0.000	0.006
640.000	7.000	0.000	0.008
650.000	7.000	0.000	0.007
660.000	7.000	0.000	0.004
670.000	7.000	0.000	0.004
680.000	7.000	0.000	0.007
690.000	7.000	0.000	0.007
700.000	7.000	0.000	0.006
710.000	7.000	0.000	0.004
720.000	7.000	0.000	0.004
730.000	7.000	0.000	0.004
740.000	7.000	0.000	0.007
750.000	7.000	0.000	0.004
760.000	7.000	0.000	0.006
770.000	7.000	0.000	0.004
780.000	7.000	0.000	0.004
790.000	7.000	0.000	0.003
800.000	7.000	0.000	0.004
810.000	7.000	0.000	0.004
820.000	7.000	0.000	0.004
830.000	7.000	0.000	0.004
840.000	7.000	0.000	0.007
850.000	7.000	0.000	0.008
860.000	7.000	0.000	0.003
870.000	7.000	0.000	0.008
880.000	7.000	0.000	0.004
890.000	7.000	0.000	0.004
900.000	7.000	0.000	0.004
910.000	7.000	0.000	0.004
920.000	7.000	0.000	0.007
930.000	7.000	0.000	0.008
940.000	7.000	0.000	0.008
950.000	7.000	0.000	0.006
960.000	7.000	0.000	0.007
970.000	7.000	0.000	0.007
980.000	7.000	0.000	0.006
990.000	7.000	0.000	0.004
1000.000	7.000	0.000	0.004
1010.000	7.000	0.000	0.004
1020.000	7.000	0.000	0.008
1030.000	7.000	0.000	0.002
1040.000	7.000	0.000	0.008
1050.000	7.000	0.000	0.004
1060.000	7.000	-0.073	0.036
1070.000	7.000	-0.073	0.101
1080.000	7.000	-0.073	0.148
1090.000	7.000	-0.146	0.184
1100.000	7.000	-0.146	0.209
1110.000	7.000	-0.220	0.231
1120.000	7.000	-0.293	0.244
1130.000	7.000	-0.366	0.251
1140.000	7.000	-0.439	0.261
1150.000	7.000	-0.513	0.267
1160.000	7.000	-0.513	0.269
1170.000	7.000	-0.586	0.271
1180.000	7.000	-0.719	0.274
1190.000	7.000	-0.719	0.278
1200.000	7.000	-0.882	0.280
1210.000	7.000	-0.955	0.278
1220.000	7.000	-0.955	0.280
1230.000	7.000	-1.102	0.279
1240.000	7.000	-1.175	0.280
1250.000	7.000	-1.321	0.277
1260.000	7.000	-1.541	0.279
1270.000	7.000	-1.761	0.280
1280.000	7.000	-1.847	0.279
1290.000	7.000	-1.907	0.278
1300.000	7.000	-1.989	0.275
1310.000	7.000	-2.208	0.281
1320.000	7.000	-2.208	0.281
1330.000	7.000	-2.208	0.281
1340.000	7.000	-2.355	0.280
1350.000	7.000	-2.575	0.279
1360.000	7.000	-2.648	0.279
1370.000	7.000	-2.648	0.281
1380.000	7.000	-2.734	0.279
1390.000	7.000	-2.710	0.278
1400.000	7.000	-2.710	0.278
1410.000	7.000	-2.783	0.277
1420.000	7.000	-2.856	0.284
1430.000	7.000	-3.076	0.280
1440.000	7.000	-3.149	0.279
1450.000	7.000	-3.076	0.278
1460.000	7.000	-3.149	0.280
1470.000	7.000	-3.369	0.279
1480.000	7.000	-3.809	0.280
1490.000	7.000	-4.028	0.280
1500.000	7.000	-4.102	0.280
1510.000	7.000	-4.102	0.280
1520.000	7.000	-4.175	0.283
1530.000	7.000	-4.102	0.277
1540.000	7.000	-4.395	0.280
1550.000	7.000	-4.541	0.278
1560.000	7.000	-4.687	0.278
1570.000	7.000	-4.761	0.283
1580.000	7.000	-5.127	0.279
1590.000	7.000	-5.054	0.280
1600.000	7.000	-5.054	0.278
1610.000	7.000	-5.127	0.277
1620.000	7.000	-5.347	0.280
1630.000	7.000	-5.640	0.279
1640.000	7.000	-5.566	0.278
1650.000	7.000	-5.586	0.280
1660.000	7.000	-5.887	0.279
1670.000	7.000	-6.180	0.279
1680.000	7.000	-5.887	0.280
1690.000	7.000	-5.814	0.277
1700.000	7.000	-6.107	0.283
1710.000	7.000	-6.400	0.283
1720.000	7.000	-6.473	0.281
1730.000	7.000	-6.693	0.278
1740.000	7.000	-6.840	0.280
1750.000	7.000	-6.820	0.283
1760.000	7.000	-6.592	0.283
1770.000	7.000	-6.738	0.279
1780.000	7.000	-6.812	0.279
1790.000	7.000	-7.251	0.278
1800.000	7.000	-7.178	0.279
1810.000	7.000	-7.104	0.283
1820.000	7.000	-7.104	0.279
1830.000	7.000	-7.104	0.279
1840.000	7.000	-7.178	0.281
1850.000	7.000	-7.324	0.283
1860.000	7.000	-7.737	0.281
1870.000	7.000	-7.672	0.281
1880.000	7.000	-7.672	0.277
1890.000	7.000	-7.805	0.279
1900.000	7.000	-7.667	0.279
1910.000	7.000	-7.813	0.277
1920.000	7.000	-8.326	0.283
1930.000	7.000	-8.179	0.280
1940.000	7.000	-8.106	0.280
1950.000	7.000	-8.472	0.283
1960.000	7.000	-8.369	0.281
1970.000	7.000	-8.620	0.281
1980.000	7.000	-8.848	0.280
1990.000	7.000	-8.715	0.279
2000.000	7.000	-8.900	0.281
2010.000	7.000	-8.900	0.279
2020.000	7.000	-9.185	0.280
2030.000	7.000	-9.185	0.278
2040.000	7.000	-9.331	0.281
2050.000	7.000	-9.405	0.280
2060.000	7.000	-9.462	0.277
2070.000	7.000	-9.641	0.281
2080.000	7.000	-9.633	0.277
2090.000	7.000	-9.853	0.279
2100.000	7.000	-9.880	0.283
2110.000	7.000	-10.099	0.281
2120.000	7.000	-9.888	0.281
2130.000	7.000	-9.961	0.278
2140.000	7.000	-10.327	0.281
2150.000	7.000	-10.254	0.280
2160.000	7.000	-10.620	0.281
2170.000	7.000	-10.181	0.279
2180.000	7.000	-10.547	0.279
2190.000	7.000	-10.620	0.281
2200.000	7.000	-10.860	0.278
2210.000	7.000	-10.892	0.279
2220.000	7.000	-10.819	0.277
2230.000	7.000	-11.185	0.278
2240.000	7.000	-11.332	0.279
2250.000	7.000	-11.332	0.278
2260.000	7.000	-11.039	0.280
2270.000	7.000	-11.405	0.279
2280.000	7.000	-11.625	0.281
2290.000	7.000	-11.698	0.280
2300.000	7.000	-11.605	0.279
2310.000	7.000	-11.719	0.283
2320.000	7.000	-12.085	0.283
2330.000	7.000	-11.865	0.283
2340.000	7.000	-11.719	0.280
2350.000	7.000	-11.865	0.283
2360.000	7.000	-12.305	0.280
2370.000	7.000	-12.158	0.281
2380.000	7.000	-12.231	0.281
2390.000	7.000	-12.305	0.281
2400.000	7.000	-12.598	0.280
2410.000	7.000	-12.451	0.279
2420.000	7.000	-12.378	0.280
2430.000	7.000	-12.891	0.283
2440.000	7.000	-12.817	0.284
2450.000	7.000	-12.891	0.280
2460.000	7.000	-13.403	0.278
2470.000	7.000	-13.403	0.278
2480.000	7.000	-13.037	0.281
2490.000	7.000	-13.330	0.278
2500.000	7.000	-13.550	0.281
2510.000	7.000	-13.696	0.277
2520.000	7.000	-13.550	0.280
2530.000	7.000	-13.843	0.279
2540.000	7.000	-13.843	0.279
2550.000	7.000	-13.696	0.280
2560.000	7.000	-13.770	0.283
2570.000	7.000	-13.829	0.278
2580.000	7.000	-14.033	0.281
2590.000	7.000	-14.253	0.277
2600.000	7.000	-14.399	0.280
2610.000	7.000	-14.326	0.283
2620.000	7.000	-14.765	0.283
2630.000	7.000	-14.765	0.283
2640.000	7.000	-14.546	0.284
2650.000	7.000	-14.912	0.280
2660.000	7.000	-15.278	0.280
2670.000	7.000	-14.925	0.279
2680.000	7.000	-15.161	0.280
2690.000	7.000	-15.234	0.278
2700.000	7.000	-14.941	0.283
2710.000	7.000	-15.527	0.281
2720.000	7.000	-15.161	0.280
2730.000	7.000	-15.161	0.280
2740.000	7.000	-15.601	0.281
2750.000	7.000	-15.601	0.279
2760.000	7.000	-15.248	0.283
2770.000	7.000	-15.956	0.279
2780.000	7.000	-16.175	0.279
2790.000	7.000	-15.809	0.281
2800.000	7.000	-16.175	0.279
2810.000	7.000	-16.322	0.280
2820.000	7.000	-16.036	0.281
2830.000	7.000	-16.589	0.281
2840.000	7.000	-16.443	0.275
2850.000	7.000	-16.722	0.279
2860.000	7.000	-16.600	0.280
2870.000	7.000	-16.600	0.283
2880.000	7.000	-17.113	0.278
2890.000	7.000	-16.820	0.281
2900.000	7.000	-16.673	0.281
2910.000	7.000	-17.253	0.280
2920.000	7.000	-17.253	0.280
2930.000	7.000	-16.772	0.281
2940.000	7.000	-16.919	0.280
2950.000	7.000	-17.358	0.281
2960.000	7.000	-17.358	0.280
2970.000	7.000	-17.285	0.280
2980.000	7.000	-17.285	0.281
2990.000	7.000	-17.358	0.278
3000.000	7.000	-17.871	0.280
3010.000	7.000	-17.725	0.279
3020.000	7.000	-17.505	0.281
3030.000	7.000	-18.091	0.278
3040.000	7.000	-18.091	0.278
3050.000	7.000	-18.164	0.283
3060.000	7.000	-17.951	0.280
3070.000	7.000	-18.309	0.279
3080.000	7.000	-18.456	0.279
3090.000	7.000	-18.456	0.279
3100.000	7.000	-18.529	0.279
3110.000	7.000	-18.456	0.284
3120.000	7.000	-18.700	0.281
3130.000	7.000	-18.774	0.280
3140.000	7.000	-18.920	0.283
3150.000	7.000	-18.987	0.279
3160.000	7.000	-18.848	0.279
3170.000	7.000	-18.922	0.280
3180.000	7.000	-19.068	0.279
3190.000	7.000	-19.141	0.279
3200.000	7.000	-19.141	0.279
3210.000	7.000	-19.361	0.278
3220.000	7.000	-19.474	0.281
3230.000	7.000	-19.263	0.279
3240.000	7.000	-19.482	0.281
3250.000	7.000	-19.336	0.279
3260.000	7.000	-19.775	0.278
3270.000	7.000	-19.995	0.280
3280.000	7.000	-20.142	0.284
3290.000	7.000	-20.142	0.284
3300.000	7.000	-19.702	0.284
3310.000	7.000	-20.068	0.283
3320.000	7.000	-20.288	0.279
3330.000	7.000	-20.508	0.281
3340.000	7.000	-20.508	0.279
3350.000	7.000	-20.435	0.280
3360.000	7.000	-20.528	0.278
3370.000	7.000	-20.528	0.281
3380.000	7.000	-20.821	0.279
3390.000	7.000	-20.455	0.279
3400.000	7.000	-20.821	0.280
3410.000	7.000	-21.040	0.281
3420.000	7.000	-21.040	0.283
3430.000	7.000	-21.114	0.280
3440.000	7.000	-20.967	0.280
3450.000	7.000	-21.260	0.279
3460.000	7.000	-21.460	0.278
3470.000	7.000	-21.785	0.284
3480.000	7.000	-21.493	0.274
3490.000	7.000	-22.005	0.280
3500.000	7.000	-22.005	0.279
3510.000	7.000	-22.225	0.281
3520.000	7.000	-21.932	0.279
3530.000	7.000	-22.225	0.280
3540.000	7.000	-22.225	0.280
3550.000	7.000	-22.591	0.279
3560.000	7.000	-22.445	0.283
3570.000	7.000	-22.266	0.279
3580.000	7.000	-22.632	0.278
3590.000	7.000	-22.705	0.284
3600.000	7.000	-22.852	0.278
3610.000	7.000	-22.705	0.280
3620.000	7.000	-23.145	0.280
3630.000	7.000	-23.364	0.284
3640.000	7.000	-23.364	0.283
3650.000	7.000	-23.291	0.277
3660.000	7.000	-23.584	0.280
3670.000	7.000	-23.877	0.277
3680.000	7.000	-23.730	0.280
3690.000	7.000	-23.877	0.279
3700.000	7.000	-24.097	0.278
3710.000	7.000	-24.536	0.283
3720.000	7.000	-24.316	0.278
3730.000	7.000	-24.463	0.284
3740.000	7.000	-24.683	0.278
3750.000	7.000	-24.829	0.278
3760.000	7.000	-24.829	0.283
3770.000	7.000	-24.756	0.279
3780.000	7.000	-25.122	0.281
3790.000	7.000	-24.816	0.284
3800.000	7.000	-25.166	0.280
3810.000	7.000	-24.873	0.281
3820.000	7.000	-25.678	0.281
3830.000	7.000	-25.312	0.278
3840.000	7.000	-25.752	0.280
3850.000	7.000	-25.605	0.281
3860.000	7.000	-25.971	0.280
3870.000	7.000	-25.898	0.278
3880.000	7.000	-26.045	0.280
3890.000	7.000	-26.378	0.281
3900.000	7.000	-26.459	0.280
3910.000	7.000	-26.898	0.280
3920.000	7.000	-26.532	0.279
3930.000	7.000	-26.972	0.280
3940.000	7.000	-26.898	0.283
3950.000	7.000	-27.265	0.280
3960.000	7.000	-27.338	0.281
3970.000	7.000	-27.558	0.279
3980.000	7.000	-27.558	0.279
3990.000	7.000	-27.677	0.278
4000.000	7.000	-27.539	0.280
4010.000	7.000	-27.686	0.275
4020.000	7.000	-27.979	0.278
4030.000	7.000	-28.125	0.278
4040.000	7.000	-28.198	0.283
4050.000	7.000	-28.271	0.280
4060.000	7.000	-28.491	0.283
4070.000	7.000	-28.564	0.279
4080.000	7.000	-28.638	0.280
4090.000	7.000	-29.077	0.283
4100.000	7.000	-29.150	0.283
4110.000	7.000	-29.077	0.280
4120.000	7.000	-29.224	0.283
4130.000	7.000	-29.224	0.280
4140.000	7.000	-29.810	0.281
4150.000	7.000	-29.883	0.280
4160.000	7.000	-29.517	0.280
4170.000	7.000	-30.249	0.279
4180.000	7.000	-30.176	0.281
4190.000	7.000	-30.542	0.278
4200.000	7.000	-30.542	0.278
4210.000	7.000	-30.469	0.280
4220.000	7.000	-30.542	0.280
4230.000	7.000	-31.055	0.279
4240.000	7.000	-30.835	0.277
4250.000	7.000	-31.128	0.278
4260.000	7.000	-31.641	0.283
4270.000	7.000	-31.567	0.279
4280.000	7.000	-31.567	0.279
4290.000	7.000	-31.934	0.280
4300.000	7.000	-31.714	0.280
4310.000	7.000	-32.080	0.280
4320.000	7.000	-32.227	0.278
4330.000	7.000	-32.300	0.280
4340.000	7.000	-32.373	0.279
4350.000	7.000	-32.520	0.279
4360.000	7.000	-32.812	0.281
4370.000	7.000	-32.739	0.278
4380.000	7.000	-32.959	0.281
4390.000	7.000	-33.105	0.279
4400.000	7.000	-33.325	0.280
4410.000	7.000	-33.225	0.281
4420.000	7.000	-33.225	0.279
4430.000	7.000	-33.372	0.280
4440.000	7.000	-33.665	0.277
4450.000	7.000	-33.811	0.281
4460.000	7.000	-33.657	0.280
4470.000	7.000	-34.609	0.280
4480.000	7.000	-34.316	0.278
4490.000	7.000	-34.389	0.279
4500.000	7.000	-34.462	0.283
4510.000	7.000	-35.075	0.283
4520.000	7.000	-35.075	0.281
4530.000	7.000	-35.002	0.283
4540.000	7.000	-35.075	0.280
4550.000	7.000	-35.514	0.281
4560.000	7.000	-35.156	0.280
4570.000	7.000	-35.010	0.279
4580.000	7.000	-35.449	0.280
4590.000	7.000	-35.669	0.283
4600.000	7.000	-35.669	0.283
4610.000	7.000	-35.449	0.281
4620.000	7.000	-35.742	0.279
4630.000	7.000	-36.182	0.281
4640.000	7.000	-35.815	0.281
4650.000	7.000	-35.815	0.281
4660.000	7.000	-36.328	0.280
4670.000	7.000	-36.108	0.280
4680.000	7.000	-36.548	0.281
4690.000	7.000	-36.182	0.280
4700.000	7.000	-36.768	0.277
4710.000	7.000	-36.768	0.277
4720.000	7.000	-36.914	0.281
4730.000	7.000	-37.061	0.280
4740.000	7.000	-36.914	0.280
4750.000	7.000	-37.134	0.281
4760.000	7.000	-37.207	0.281
4770.000	7.000	-37.280	0.281
4780.000	7.000	-37.427	0.279
4790.000	7.000	-37.427	0.283
4800.000	7.000	-37.500	0.280
4810.000	7.000	-37.427	0.280
4820.000	7.000	-37.500	0.277
4830.000	7.000	-37.646	0.280
4840.000	7.000	-37.866	0.280
4850.000	7.000	-37.866	0.281
4860.000	7.000	-38.086	0.280
4870.000	7.000	-38.086	0.279
4880.000	7.000	-38.013	0.280
4890.000	7.000	-38.525	0.281
4900.000	7.000	-38.525	0.278
4910.000	7.000	-38.818	0.280
4920.000	7.000	-38.379	0.279
4930.000	7.000	-38.672	0.280
4940.000	7.000	-39.038	0.283
4950.000	7.000	-38.599	0.283
4960.000	7.000	-39.111	0.279
4970.000	7.000	-39.038	0.281
4980.000	7.000	-38.965	0.280
4990.000	7.000	-39.111	0.278
5000.000	7.000	-39.478	0.281
5010.000	7.000	-39.478	0.281
5020.000	7.000	-39.478	0.284
5030.000	7.000	-39.478	0.283
5040.000	7.000	-39.185	0.281
5050.000	7.000	-39.624	0.280
5060.000	7.000	-39.771	0.277
5070.000	7.000	-39.917	0.281
5080.000	7.000	-40.063	0.280
5090.000	7.000	-40.063	0.280
5100.000	7.000	-39.844	0.278
5110.000	7.000	-39.990	0.279
5120.000	7.000	-39.917	0.281
5130.000	7.000	-40.283	0.283
5140.000	7.000	-40.356	0.279
5150.000	7.000	-40.723	0.277
5160.000	7.000	-41.016	0.278
5170.000	7.000	-40.230	0.281
5180.000	7.000	-40.767	0.286
5190.000	7.000	-40.767	0.278
5200.000	7.000	-41.206	0.281
5210.000	7.000	-40.914	0.280
5220.000	7.000	-41.133	0.283
5230.000	7.000	-41.499	0.284
5240.000	7.000	-41.499	0.278
5250.000	7.000	-41.573	0.278
5260.000	7.000	-41.060	0.275
5270.000	7.000	-41.846	0.279
5280.000	7.000	-41.382	0.279
5290.000	7.000	-41.675	0.280
5300.000	7.000	-41.222	0.281
5310.000	7.000	-41.824	0.279
5320.000	7.000	-42.117	0.281
5330.000	7.000	-42.117	0.279
5340.000	7.000	-42.410	0.280
5350.000	7.000	-42.190	0.280
5360.000	7.000	-42.630	0.281
5370.000	7.000	-42.557	0.280
5380.000	7.000	-42.850	0.279
5390.000	7.000	-42.776	0.280
5400.000	7.000	-43.376	0.279
5410.000	7.000	-43.140	0.283
5420.000	7.000	-42.920	0.278
5430.000	7.000	-42.993	0.277
5440.000	7.000	-42.920	0.279
5450.000	7.000	-43.433	0.279
5460.000	7.000	-43.246	0.280
5470.000	7.000	-44.117	0.277
5480.000	7.000	-43.897	0.283
5490.000	7.000	-44.117	0.277
5500.000	7.000	-43.897	0.277
5510.000	7.000	-44.117	0.278
5520.000	7.000	-44.190	0.280
5530.000	7.000	-44.337	0.283
5540.000	7.000	-44.410	0.279
5550.000	7.000	-44.483	0.283
5560.000	7.000	-44.616	0.280
5570.000	7.000	-44.454	0.277
5580.000	7.000	-44.673	0.281
5590.000	7.000	-44.820	0.277
5600.000	7.000	-45.186	0.277
5610.000	7.000	-45.259	0.279
5620.000	7.000	-45.552	0.279
5630.000	7.000	-45.479	0.279
5640.000	7.000	-45.625	0.279
5650.000	7.000	-45.699	0.279
5660.000	7.000	-46.118	0.281
5670.000	7.000	-45.923	0.280
5680.000	7.000	-46.069	0.280
5690.000	7.000	-46.143	0.283
5700.000	7.000	-46.289	0.280
5710.000	7.000	-46.436	0.278
5720.000	7.000	-46.729	0.277
5730.000	7.000	-46.875	0.279
5740.000	7.000	-46.875	0.279
5750.000	7.000	-47.021	0.279
5760.000	7.000	-47.002	0.279
5770.000	7.000	-47.653	0.278
5780.000	7.000	-47.946	0.280
5790.000	7.000	-47.946	0.280
5800.000	7.000	-48.092	0.281
5810.000	7.000	-48.165	0.280
5820.000	7.000	-48.238	0.280
5830.000	7.000	-48.312	0.279
5840.000	7.000	-48.385	0.279
5850.000	7.000	-48.458	0.279
5860.000	7.000	-48.771	0.279
5870.000	7.000	-48.633	0.280
5880.000	7.000	-48.633	0.283
5890.000	7.000	-48.926	0.283
5900.000	7.000	-49.219	0.281
5910.000	7.000	-49.292	0.281
5920.000	7.000	-49.292	0.279
5930.000	7.000	-49.365	0.284
5940.000	7.000	-49.365	0.277
5950.000	7.000	-49.438	0.283
5960.000	7.000	-49.658	0.280
5970.000	7.000	-49.805	0.281
5980.000	7.000	-49.658	0.279
5990.000	7.000	-49.585	0.279
6000.000	7.000	-49.731	0.281
6010.000	7.000	-49.731	0.281
6020.000	7.000	-50.024	0.283
6030.000	7.000	-50.317	0.279
6040.000	7.000	-50.757	0.277
6050.000	7.000	-50.510	0.277
6060.000	7.000	-50.982	0.236
6070.000	7.000	-50.836	0.174
6080.000	7.000	-50.836	0.130
6090.000	7.000	-50.982	0.095
6100.000	7.000	-51.129	0.073
6110.000	7.000	-50.736	0.051
6120.000	7.000	-51.143	0.041
6130.000	7.000	-50.923	0.030
6140.000	7.000	-50.704	0.023
6150.000	7.000	-51.316	0.019
6160.000	7.000	-50.844	0.018
6170.000	7.000	-50.991	0.013
6180.000	7.000	-50.771	0.009
6190.000	7.000	-50.698	0.009
6200.000	7.000	-50.478	0.008
6210.000	7.000	-50.798	0.010
6220.000	7.000	-50.391	0.008
6230.000	7.000	-50.464	0.006
6240.000	7.000	-50.024	0.008
6250.000	7.000	-50.024	0.008
6260.000	7.000	-50.024	0.008
6270.000	7.000	-49.878	0.004
6280.000	7.000	-50.244	0.006
6290.000	7.000	-50.098	0.007
6300.000	7.000	-50.317	0.008
6310.000	7.000	-50.244	0.003
6320.000	7.000	-50.024	0.006
6330.000	7.000	-49.731	0.007
6340.000	7.000	-49.585	0.006
6350.000	7.000	-49.585	0.006
6360.000	7.000	-49.512	0.007
6370.000	7.000	-49.512	0.007
6380.000	7.000	-49.219	0.008
6390.000	7.000	-49.146	0.008
6400.000	7.000	-48.926	0.006
6410.000	7.000	-49.072	0.006
6420.000	7.000	-48.926	0.007
6430.000	7.000	-49.146	0.007
6440.000	7.000	-48.999	0.004
6450.000	7.000	-49.146	0.006
6460.000	7.000	-48.926	0.002
6470.000	7.000	-48.999	0.006
6480.000	7.000	-48.779	0.004
6490.000	7.000	-48.999	0.004
6500.000	7.000	-48.779	0.004
6510.000	7.000	-48.926	0.004
6520.000	7.000	-48.853	0.008
6530.000	7.000	-48.853	0.008
6540.000	7.000	-48.853	0.002
6550.000	7.000	-48.706	0.004
6560.000	7.000	-48.779	0.008
6570.000	7.000	-48.560	0.003
6580.000	7.000	-48.200	0.007
6590.000	7.000	-47.907	0.007
6600.000	7.000	-48.428	0.006
6610.000	7.000	-48.062	0.006
6620.000	7.000	-48.135	0.004
6630.000	7.000	-47.988	0.004
6640.000	7.000	-47.988	0.008
6650.000	7.000	-47.915	0.007
6660.000	7.000	-47.915	0.008
6670.000	7.000	-47.915	0.007
6680.000	7.000	-48.421	0.007
6690.000	7.000	-48.348	0.007
6700.000	7.000	-48.047	0.004
6710.000	7.000	-47.900	0.007
6720.000	7.000	-47.974	0.007
6730.000	7.000	-47.827	0.004
6740.000	7.000	-47.974	0.004
6750.000	7.000	-47.900	0.006
6760.000	7.000	-47.900	0.007
6770.000	7.000	-47.528	0.003
6780.000	7.000	-47.983	0.009
6790.000	7.000	-47.837	0.008
6800.000	7.000	-47.690	0.003
6810.000	7.000	-47.690	0.003
6820.000	7.000	-47.690	0.004
6830.000	7.000	-47.764	0.003
6840.000	7.000	-47.690	0.004
6850.000	7.000	-47.617	0.006
6860.000	7.000	-47.690	0.006
6870.000	7.000	-47.388	0.007
6880.000	7.000	-47.388	0.007
6890.000	7.000	-47.461	0.004
6900.000	7.000	-47.607	0.006
6910.000	7.000	-47.534	0.007
6920.000	7.000	-47.534	0.001
6930.000	7.000	-47.461	0.001
6940.000	7.000	-47.534	0.003
6950.000	7.000	-47.248	0.001
6960.000	7.000	-47.394	0.004
6970.000	7.000	-47.744	0.003
6980.000	7.000	-47.818	0.001
6990.000	7.000	-47.818	0.004
7000.000	7.000	-47.818	0.004
7010.000	7.000	-47.891	0.003
