%Time [ms]	Commanded Torque [mNm]	Angular Velocity [RPM]	Actual Current [Amp]	%2/23/201810:59 AM
0.000	0.000	0.000	0.000
0.000	8.000	0.000	0.007
10.000	8.000	0.000	0.006
20.000	8.000	0.000	0.010
30.000	8.000	0.000	0.006
40.000	8.000	0.000	0.009
50.000	8.000	0.000	0.012
60.000	8.000	0.000	0.008
70.000	8.000	0.000	0.004
80.000	8.000	0.000	0.006
90.000	8.000	0.000	0.003
100.000	8.000	0.000	0.007
110.000	8.000	0.000	0.006
120.000	8.000	0.000	0.008
130.000	8.000	0.000	0.008
140.000	8.000	0.000	0.007
150.000	8.000	0.000	0.006
160.000	8.000	0.000	0.008
170.000	8.000	0.000	0.008
180.000	8.000	-0.073	0.008
190.000	8.000	-0.073	0.007
200.000	8.000	-0.073	0.007
210.000	8.000	-0.073	0.007
220.000	8.000	-0.073	0.006
230.000	8.000	-0.073	0.003
240.000	8.000	-0.073	0.003
250.000	8.000	-0.073	0.003
260.000	8.000	-0.073	0.007
270.000	8.000	-0.073	0.007
280.000	8.000	-0.073	0.004
290.000	8.000	0.000	0.006
300.000	8.000	-0.073	0.007
310.000	8.000	-0.073	0.006
320.000	8.000	-0.073	0.004
330.000	8.000	-0.073	0.008
340.000	8.000	-0.073	0.004
350.000	8.000	-0.073	0.007
360.000	8.000	-0.073	0.007
370.000	8.000	-0.073	0.007
380.000	8.000	-0.073	0.004
390.000	8.000	0.000	0.007
400.000	8.000	0.000	0.007
410.000	8.000	0.000	0.006
420.000	8.000	0.000	0.006
430.000	8.000	0.000	0.006
440.000	8.000	0.000	0.003
450.000	8.000	0.000	0.006
460.000	8.000	0.000	0.006
470.000	8.000	0.000	0.004
480.000	8.000	0.000	0.007
490.000	8.000	0.000	0.006
500.000	8.000	0.000	0.007
510.000	8.000	0.000	0.006
520.000	8.000	0.000	0.008
530.000	8.000	0.000	0.006
540.000	8.000	0.000	0.006
550.000	8.000	0.000	0.004
560.000	8.000	0.000	0.004
570.000	8.000	0.000	0.007
580.000	8.000	0.000	0.002
590.000	8.000	0.000	0.004
600.000	8.000	0.000	0.007
610.000	8.000	0.000	0.004
620.000	8.000	0.000	0.007
630.000	8.000	0.073	0.006
640.000	8.000	0.073	0.006
650.000	8.000	0.073	0.008
660.000	8.000	0.073	0.006
670.000	8.000	0.073	0.007
680.000	8.000	0.073	0.004
690.000	8.000	0.073	0.004
700.000	8.000	0.073	0.006
710.000	8.000	0.073	0.006
720.000	8.000	0.073	0.004
730.000	8.000	0.073	0.006
740.000	8.000	0.000	0.007
750.000	8.000	0.000	0.006
760.000	8.000	0.000	0.004
770.000	8.000	0.000	0.008
780.000	8.000	0.000	0.004
790.000	8.000	0.000	0.006
800.000	8.000	0.000	0.008
810.000	8.000	0.073	0.006
820.000	8.000	0.073	0.006
830.000	8.000	0.073	0.006
840.000	8.000	0.073	0.007
850.000	8.000	0.073	0.007
860.000	8.000	0.073	0.004
870.000	8.000	0.073	0.007
880.000	8.000	0.073	0.002
890.000	8.000	0.073	0.002
900.000	8.000	0.000	0.003
910.000	8.000	0.000	0.004
920.000	8.000	0.000	0.003
930.000	8.000	0.000	0.004
940.000	8.000	0.000	0.002
950.000	8.000	0.000	0.001
960.000	8.000	0.000	0.001
970.000	8.000	0.000	0.003
980.000	8.000	0.000	0.006
990.000	8.000	0.000	0.004
1000.000	8.000	0.000	0.004
1010.000	8.000	0.000	0.004
1020.000	8.000	0.000	0.007
1030.000	8.000	0.000	0.002
1040.000	8.000	-0.073	0.047
1050.000	8.000	-0.073	0.122
1060.000	8.000	-0.146	0.172
1070.000	8.000	-0.146	0.212
1080.000	8.000	-0.220	0.240
1090.000	8.000	-0.293	0.261
1100.000	8.000	-0.366	0.275
1110.000	8.000	-0.513	0.286
1120.000	8.000	-0.659	0.297
1130.000	8.000	-0.806	0.301
1140.000	8.000	-0.952	0.307
1150.000	8.000	-1.172	0.307
1160.000	8.000	-1.538	0.314
1170.000	8.000	-1.611	0.313
1180.000	8.000	-1.758	0.313
1190.000	8.000	-1.758	0.313
1200.000	8.000	-1.818	0.318
1210.000	8.000	-1.818	0.313
1220.000	8.000	-1.834	0.319
1230.000	8.000	-1.907	0.319
1240.000	8.000	-1.887	0.319
1250.000	8.000	-2.074	0.321
1260.000	8.000	-2.221	0.319
1270.000	8.000	-2.294	0.318
1280.000	8.000	-2.441	0.318
1290.000	8.000	-2.514	0.318
1300.000	8.000	-2.600	0.319
1310.000	8.000	-2.820	0.319
1320.000	8.000	-3.390	0.319
1330.000	8.000	-3.390	0.319
1340.000	8.000	-3.556	0.318
1350.000	8.000	-3.442	0.321
1360.000	8.000	-3.369	0.321
1370.000	8.000	-3.442	0.318
1380.000	8.000	-3.516	0.319
1390.000	8.000	-3.735	0.319
1400.000	8.000	-4.028	0.318
1410.000	8.000	-4.028	0.318
1420.000	8.000	-3.988	0.319
1430.000	8.000	-4.127	0.318
1440.000	8.000	-4.420	0.321
1450.000	8.000	-4.639	0.318
1460.000	8.000	-4.786	0.321
1470.000	8.000	-4.859	0.319
1480.000	8.000	-5.152	0.319
1490.000	8.000	-5.299	0.321
1500.000	8.000	-5.299	0.319
1510.000	8.000	-5.592	0.317
1520.000	8.000	-6.071	0.321
1530.000	8.000	-5.953	0.318
1540.000	8.000	-5.733	0.322
1550.000	8.000	-5.953	0.321
1560.000	8.000	-6.319	0.321
1570.000	8.000	-6.465	0.321
1580.000	8.000	-6.465	0.319
1590.000	8.000	-6.672	0.319
1600.000	8.000	-6.818	0.321
1610.000	8.000	-6.729	0.317
1620.000	8.000	-6.729	0.321
1630.000	8.000	-7.002	0.321
1640.000	8.000	-7.295	0.318
1650.000	8.000	-7.588	0.317
1660.000	8.000	-7.514	0.322
1670.000	8.000	-7.514	0.321
1680.000	8.000	-7.807	0.322
1690.000	8.000	-7.674	0.319
1700.000	8.000	-7.821	0.317
1710.000	8.000	-8.350	0.321
1720.000	8.000	-8.203	0.319
1730.000	8.000	-8.130	0.321
1740.000	8.000	-8.423	0.321
1750.000	8.000	-8.203	0.318
1760.000	8.000	-8.643	0.321
1770.000	8.000	-8.862	0.318
1780.000	8.000	-8.936	0.321
1790.000	8.000	-9.009	0.319
1800.000	8.000	-9.009	0.319
1810.000	8.000	-9.082	0.319
1820.000	8.000	-9.375	0.318
1830.000	8.000	-9.521	0.318
1840.000	8.000	-9.668	0.321
1850.000	8.000	-9.741	0.319
1860.000	8.000	-9.741	0.319
1870.000	8.000	-10.107	0.319
1880.000	8.000	-10.107	0.319
1890.000	8.000	-10.107	0.319
1900.000	8.000	-10.474	0.319
1910.000	8.000	-10.327	0.322
1920.000	8.000	-10.474	0.321
1930.000	8.000	-10.767	0.321
1940.000	8.000	-10.840	0.319
1950.000	8.000	-10.986	0.318
1960.000	8.000	-10.693	0.322
1970.000	8.000	-11.133	0.321
1980.000	8.000	-11.206	0.322
1990.000	8.000	-11.426	0.318
2000.000	8.000	-11.279	0.318
2010.000	8.000	-11.572	0.318
2020.000	8.000	-11.865	0.322
2030.000	8.000	-11.792	0.322
2040.000	8.000	-11.792	0.322
2050.000	8.000	-11.938	0.323
2060.000	8.000	-12.524	0.321
2070.000	8.000	-12.305	0.318
2080.000	8.000	-12.598	0.321
2090.000	8.000	-12.671	0.319
2100.000	8.000	-12.964	0.319
2110.000	8.000	-12.817	0.319
2120.000	8.000	-12.744	0.318
2130.000	8.000	-13.257	0.317
2140.000	8.000	-13.184	0.322
2150.000	8.000	-13.477	0.317
2160.000	8.000	-13.257	0.318
2170.000	8.000	-13.623	0.319
2180.000	8.000	-13.477	0.321
2190.000	8.000	-13.477	0.318
2200.000	8.000	-13.770	0.322
2210.000	8.000	-13.770	0.321
2220.000	8.000	-13.989	0.321
2230.000	8.000	-14.062	0.318
2240.000	8.000	-14.136	0.321
2250.000	8.000	-14.136	0.318
2260.000	8.000	-14.429	0.321
2270.000	8.000	-14.429	0.316
2280.000	8.000	-14.722	0.321
2290.000	8.000	-15.015	0.322
2300.000	8.000	-14.722	0.321
2310.000	8.000	-15.015	0.318
2320.000	8.000	-14.941	0.321
2330.000	8.000	-14.788	0.318
2340.000	8.000	-15.228	0.321
2350.000	8.000	-15.317	0.319
2360.000	8.000	-15.244	0.317
2370.000	8.000	-15.464	0.319
2380.000	8.000	-15.317	0.322
2390.000	8.000	-15.390	0.319
2400.000	8.000	-15.683	0.317
2410.000	8.000	-16.050	0.321
2420.000	8.000	-15.976	0.321
2430.000	8.000	-16.203	0.319
2440.000	8.000	-16.423	0.321
2450.000	8.000	-16.260	0.322
2460.000	8.000	-16.479	0.319
2470.000	8.000	-16.699	0.318
2480.000	8.000	-16.626	0.318
2490.000	8.000	-16.626	0.318
2500.000	8.000	-16.772	0.319
2510.000	8.000	-16.699	0.322
2520.000	8.000	-17.065	0.322
2530.000	8.000	-16.919	0.318
2540.000	8.000	-16.846	0.322
2550.000	8.000	-17.285	0.318
2560.000	8.000	-17.065	0.323
2570.000	8.000	-17.139	0.322
2580.000	8.000	-17.651	0.321
2590.000	8.000	-17.651	0.321
2600.000	8.000	-17.578	0.321
2610.000	8.000	-17.578	0.323
2620.000	8.000	-17.798	0.318
2630.000	8.000	-18.164	0.321
2640.000	8.000	-18.091	0.321
2650.000	8.000	-17.944	0.319
2660.000	8.000	-18.311	0.317
2670.000	8.000	-18.311	0.318
2680.000	8.000	-18.530	0.321
2690.000	8.000	-18.384	0.319
2700.000	8.000	-18.357	0.321
2710.000	8.000	-18.504	0.318
2720.000	8.000	-18.504	0.321
2730.000	8.000	-18.650	0.317
2740.000	8.000	-18.723	0.319
2750.000	8.000	-19.163	0.323
2760.000	8.000	-18.943	0.319
2770.000	8.000	-19.163	0.322
2780.000	8.000	-19.163	0.319
2790.000	8.000	-19.456	0.318
2800.000	8.000	-19.922	0.321
2810.000	8.000	-19.922	0.316
2820.000	8.000	-19.995	0.318
2830.000	8.000	-19.602	0.319
2840.000	8.000	-19.968	0.322
2850.000	8.000	-20.131	0.319
2860.000	8.000	-20.497	0.316
2870.000	8.000	-20.497	0.319
2880.000	8.000	-20.424	0.318
2890.000	8.000	-20.717	0.322
2900.000	8.000	-20.497	0.318
2910.000	8.000	-20.864	0.318
2920.000	8.000	-20.644	0.319
2930.000	8.000	-21.110	0.321
2940.000	8.000	-21.021	0.321
2950.000	8.000	-21.167	0.319
2960.000	8.000	-21.094	0.321
2970.000	8.000	-21.533	0.323
2980.000	8.000	-21.533	0.321
2990.000	8.000	-21.533	0.321
3000.000	8.000	-21.899	0.321
3010.000	8.000	-21.606	0.322
3020.000	8.000	-22.192	0.317
3030.000	8.000	-22.119	0.319
3040.000	8.000	-22.485	0.322
3050.000	8.000	-22.046	0.322
3060.000	8.000	-22.266	0.322
3070.000	8.000	-22.559	0.321
3080.000	8.000	-22.559	0.321
3090.000	8.000	-22.339	0.319
3100.000	8.000	-22.412	0.317
3110.000	8.000	-22.778	0.321
3120.000	8.000	-22.925	0.321
3130.000	8.000	-22.925	0.321
3140.000	8.000	-22.925	0.318
3150.000	8.000	-23.657	0.321
3160.000	8.000	-23.584	0.319
3170.000	8.000	-23.584	0.318
3180.000	8.000	-24.023	0.321
3190.000	8.000	-24.023	0.321
3200.000	8.000	-24.390	0.318
3210.000	8.000	-24.170	0.318
3220.000	8.000	-24.463	0.321
3230.000	8.000	-24.536	0.318
3240.000	8.000	-24.536	0.319
3250.000	8.000	-24.536	0.319
3260.000	8.000	-24.463	0.319
3270.000	8.000	-24.902	0.318
3280.000	8.000	-24.829	0.322
3290.000	8.000	-24.902	0.321
3300.000	8.000	-24.683	0.317
3310.000	8.000	-25.415	0.321
3320.000	8.000	-25.195	0.319
3330.000	8.000	-25.562	0.318
3340.000	8.000	-25.562	0.317
3350.000	8.000	-25.928	0.323
3360.000	8.000	-25.781	0.321
3370.000	8.000	-25.854	0.321
3380.000	8.000	-26.147	0.318
3390.000	8.000	-26.147	0.321
3400.000	8.000	-26.587	0.319
3410.000	8.000	-26.367	0.319
3420.000	8.000	-26.807	0.319
3430.000	8.000	-26.514	0.319
3440.000	8.000	-26.660	0.318
3450.000	8.000	-26.953	0.321
3460.000	8.000	-26.933	0.322
3470.000	8.000	-27.552	0.321
3480.000	8.000	-27.332	0.319
3490.000	8.000	-27.625	0.318
3500.000	8.000	-27.405	0.318
3510.000	8.000	-27.698	0.318
3520.000	8.000	-27.918	0.319
3530.000	8.000	-27.891	0.321
3540.000	8.000	-28.274	0.319
3550.000	8.000	-28.493	0.321
3560.000	8.000	-28.733	0.318
3570.000	8.000	-28.481	0.321
3580.000	8.000	-28.701	0.318
3590.000	8.000	-28.647	0.322
3600.000	8.000	-29.445	0.321
3610.000	8.000	-29.372	0.319
3620.000	8.000	-29.225	0.323
3630.000	8.000	-30.057	0.318
3640.000	8.000	-29.821	0.321
3650.000	8.000	-29.528	0.322
3660.000	8.000	-30.041	0.322
3670.000	8.000	-30.114	0.319
3680.000	8.000	-30.334	0.319
3690.000	8.000	-30.754	0.321
3700.000	8.000	-30.396	0.321
3710.000	8.000	-30.615	0.321
3720.000	8.000	-30.908	0.322
3730.000	8.000	-30.762	0.321
3740.000	8.000	-30.981	0.321
3750.000	8.000	-31.348	0.318
3760.000	8.000	-31.494	0.318
3770.000	8.000	-31.281	0.317
3780.000	8.000	-31.867	0.318
3790.000	8.000	-32.054	0.322
3800.000	8.000	-31.908	0.321
3810.000	8.000	-32.347	0.317
3820.000	8.000	-32.347	0.319
3830.000	8.000	-32.860	0.319
3840.000	8.000	-32.860	0.319
3850.000	8.000	-33.226	0.317
3860.000	8.000	-33.006	0.321
3870.000	8.000	-33.586	0.321
3880.000	8.000	-33.586	0.319
3890.000	8.000	-33.378	0.318
3900.000	8.000	-33.964	0.321
3910.000	8.000	-33.891	0.319
3920.000	8.000	-34.404	0.318
3930.000	8.000	-34.404	0.318
3940.000	8.000	-34.477	0.318
3950.000	8.000	-34.011	0.318
3960.000	8.000	-35.085	0.321
3970.000	8.000	-34.939	0.322
3980.000	8.000	-34.939	0.318
3990.000	8.000	-35.252	0.321
4000.000	8.000	-35.398	0.319
4010.000	8.000	-35.485	0.321
4020.000	8.000	-35.485	0.325
4030.000	8.000	-35.631	0.318
4040.000	8.000	-35.997	0.318
4050.000	8.000	-36.610	0.322
4060.000	8.000	-36.341	0.319
4070.000	8.000	-36.341	0.319
4080.000	8.000	-36.341	0.319
4090.000	8.000	-36.927	0.318
4100.000	8.000	-37.001	0.321
4110.000	8.000	-36.987	0.321
4120.000	8.000	-37.207	0.321
4130.000	8.000	-37.207	0.321
4140.000	8.000	-37.354	0.321
4150.000	8.000	-37.500	0.319
4160.000	8.000	-37.500	0.323
4170.000	8.000	-37.793	0.318
4180.000	8.000	-38.013	0.319
4190.000	8.000	-37.793	0.318
4200.000	8.000	-37.939	0.323
4210.000	8.000	-38.379	0.321
4220.000	8.000	-38.232	0.319
4230.000	8.000	-38.599	0.319
4240.000	8.000	-38.452	0.319
4250.000	8.000	-38.159	0.321
4260.000	8.000	-38.818	0.319
4270.000	8.000	-38.745	0.321
4280.000	8.000	-39.006	0.319
4290.000	8.000	-39.225	0.318
4300.000	8.000	-39.225	0.318
4310.000	8.000	-39.152	0.318
4320.000	8.000	-39.738	0.319
4330.000	8.000	-39.571	0.319
4340.000	8.000	-39.791	0.319
4350.000	8.000	-40.442	0.321
4360.000	8.000	-40.149	0.318
4370.000	8.000	-40.442	0.322
4380.000	8.000	-40.255	0.321
4390.000	8.000	-40.402	0.319
4400.000	8.000	-40.695	0.319
4410.000	8.000	-40.988	0.321
4420.000	8.000	-40.841	0.321
4430.000	8.000	-40.861	0.322
4440.000	8.000	-40.869	0.321
4450.000	8.000	-41.089	0.318
4460.000	8.000	-41.089	0.318
4470.000	8.000	-41.162	0.318
4480.000	8.000	-41.528	0.319
4490.000	8.000	-41.675	0.322
4500.000	8.000	-41.528	0.321
4510.000	8.000	-41.528	0.321
4520.000	8.000	-41.528	0.322
4530.000	8.000	-42.041	0.318
4540.000	8.000	-41.895	0.318
4550.000	8.000	-42.041	0.322
4560.000	8.000	-41.968	0.319
4570.000	8.000	-42.041	0.321
4580.000	8.000	-42.187	0.321
4590.000	8.000	-42.261	0.319
4600.000	8.000	-42.480	0.319
4610.000	8.000	-42.480	0.321
4620.000	8.000	-42.700	0.317
4630.000	8.000	-42.168	0.321
4640.000	8.000	-42.949	0.318
4650.000	8.000	-42.876	0.319
4660.000	8.000	-43.315	0.318
4670.000	8.000	-43.242	0.318
4680.000	8.000	-43.169	0.319
4690.000	8.000	-43.242	0.321
4700.000	8.000	-43.535	0.321
4710.000	8.000	-43.754	0.318
4720.000	8.000	-43.754	0.318
4730.000	8.000	-44.434	0.319
4740.000	8.000	-43.945	0.321
4750.000	8.000	-44.385	0.318
4760.000	8.000	-44.312	0.317
4770.000	8.000	-44.531	0.321
4780.000	8.000	-44.531	0.319
4790.000	8.000	-44.897	0.319
4800.000	8.000	-44.678	0.321
4810.000	8.000	-44.897	0.321
4820.000	8.000	-44.751	0.319
4830.000	8.000	-44.971	0.317
4840.000	8.000	-44.971	0.321
4850.000	8.000	-45.044	0.319
4860.000	8.000	-45.117	0.318
4870.000	8.000	-45.337	0.321
4880.000	8.000	-45.483	0.318
4890.000	8.000	-45.483	0.322
4900.000	8.000	-45.850	0.319
4910.000	8.000	-45.490	0.323
4920.000	8.000	-46.214	0.318
4930.000	8.000	-46.214	0.321
4940.000	8.000	-46.434	0.322
4950.000	8.000	-46.507	0.322
4960.000	8.000	-46.654	0.317
4970.000	8.000	-46.654	0.319
4980.000	8.000	-46.874	0.319
4990.000	8.000	-47.020	0.321
5000.000	8.000	-47.526	0.322
5010.000	8.000	-47.168	0.321
5020.000	8.000	-47.168	0.323
5030.000	8.000	-47.314	0.323
5040.000	8.000	-47.461	0.319
5050.000	8.000	-47.534	0.321
5060.000	8.000	-47.534	0.321
5070.000	8.000	-47.827	0.319
5080.000	8.000	-47.827	0.319
5090.000	8.000	-48.120	0.321
5100.000	8.000	-48.633	0.318
5110.000	8.000	-48.633	0.318
5120.000	8.000	-48.779	0.322
5130.000	8.000	-48.999	0.321
5140.000	8.000	-48.999	0.321
5150.000	8.000	-49.072	0.321
5160.000	8.000	-49.292	0.322
5170.000	8.000	-49.292	0.319
5180.000	8.000	-49.512	0.319
5190.000	8.000	-49.805	0.318
5200.000	8.000	-49.805	0.318
5210.000	8.000	-49.658	0.321
5220.000	8.000	-50.024	0.319
5230.000	8.000	-49.878	0.319
5240.000	8.000	-50.244	0.319
5250.000	8.000	-50.464	0.321
5260.000	8.000	-50.484	0.318
5270.000	8.000	-50.484	0.319
5280.000	8.000	-51.192	0.321
5290.000	8.000	-51.045	0.319
5300.000	8.000	-51.192	0.322
5310.000	8.000	-51.412	0.319
5320.000	8.000	-51.338	0.318
5330.000	8.000	-51.924	0.319
5340.000	8.000	-51.998	0.318
5350.000	8.000	-52.217	0.321
5360.000	8.000	-52.417	0.319
5370.000	8.000	-52.490	0.319
5380.000	8.000	-52.148	0.322
5390.000	8.000	-52.661	0.319
5400.000	8.000	-52.661	0.317
5410.000	8.000	-52.734	0.322
5420.000	8.000	-52.868	0.319
5430.000	8.000	-52.721	0.319
5440.000	8.000	-52.721	0.318
5450.000	8.000	-53.161	0.321
5460.000	8.000	-53.380	0.318
5470.000	8.000	-53.673	0.318
5480.000	8.000	-53.746	0.318
5490.000	8.000	-53.966	0.321
5500.000	8.000	-54.039	0.317
5510.000	8.000	-54.039	0.317
5520.000	8.000	-54.419	0.319
5530.000	8.000	-54.639	0.318
5540.000	8.000	-54.858	0.322
5550.000	8.000	-54.712	0.318
5560.000	8.000	-54.712	0.319
5570.000	8.000	-54.712	0.319
5580.000	8.000	-55.078	0.321
5590.000	8.000	-54.858	0.321
5600.000	8.000	-55.298	0.321
5610.000	8.000	-55.518	0.321
5620.000	8.000	-55.225	0.321
5630.000	8.000	-55.591	0.319
5640.000	8.000	-55.664	0.319
5650.000	8.000	-55.957	0.319
5660.000	8.000	-55.884	0.319
5670.000	8.000	-55.884	0.319
5680.000	8.000	-55.957	0.321
5690.000	8.000	-56.104	0.321
5700.000	8.000	-56.104	0.319
5710.000	8.000	-56.250	0.321
5720.000	8.000	-56.097	0.319
5730.000	8.000	-56.658	0.319
5740.000	8.000	-56.419	0.322
5750.000	8.000	-56.809	0.319
5760.000	8.000	-56.736	0.318
5770.000	8.000	-57.102	0.317
5780.000	8.000	-57.468	0.318
5790.000	8.000	-57.395	0.318
5800.000	8.000	-57.176	0.321
5810.000	8.000	-57.841	0.319
5820.000	8.000	-57.133	0.318
5830.000	8.000	-57.959	0.321
5840.000	8.000	-57.422	0.321
5850.000	8.000	-57.788	0.321
5860.000	8.000	-57.935	0.321
5870.000	8.000	-58.154	0.316
5880.000	8.000	-57.788	0.318
5890.000	8.000	-58.081	0.319
5900.000	8.000	-58.081	0.319
5910.000	8.000	-58.447	0.319
5920.000	8.000	-58.740	0.321
5930.000	8.000	-58.740	0.319
5940.000	8.000	-58.667	0.318
5950.000	8.000	-59.106	0.319
5960.000	8.000	-58.887	0.318
5970.000	8.000	-58.887	0.318
5980.000	8.000	-58.960	0.321
5990.000	8.000	-59.253	0.317
6000.000	8.000	-59.326	0.318
6010.000	8.000	-59.473	0.321
6020.000	8.000	-59.180	0.321
6030.000	8.000	-59.546	0.322
6040.000	8.000	-59.839	0.321
6050.000	8.000	-59.839	0.321
6060.000	8.000	-60.278	0.267
6070.000	8.000	-60.352	0.194
6080.000	8.000	-60.132	0.147
6090.000	8.000	-60.352	0.108
6100.000	8.000	-60.498	0.083
6110.000	8.000	-60.278	0.058
6120.000	8.000	-60.791	0.042
6130.000	8.000	-60.352	0.032
6140.000	8.000	-60.571	0.029
6150.000	8.000	-60.425	0.019
6160.000	8.000	-59.985	0.017
6170.000	8.000	-60.498	0.014
6180.000	8.000	-60.425	0.012
6190.000	8.000	-59.999	0.006
6200.000	8.000	-60.845	0.008
6210.000	8.000	-60.552	0.007
6220.000	8.000	-60.332	0.007
6230.000	8.000	-60.406	0.006
6240.000	8.000	-60.625	0.006
6250.000	8.000	-60.332	0.006
6260.000	8.000	-60.699	0.006
6270.000	8.000	-60.479	0.003
6280.000	8.000	-60.479	0.004
6290.000	8.000	-60.479	0.004
6300.000	8.000	-59.746	0.003
6310.000	8.000	-60.113	0.006
6320.000	8.000	-60.389	0.004
6330.000	8.000	-60.170	0.008
6340.000	8.000	-60.463	0.006
6350.000	8.000	-60.316	0.004
6360.000	8.000	-60.170	0.007
6370.000	8.000	-60.170	0.004
6380.000	8.000	-60.376	0.003
6390.000	8.000	-60.376	0.003
6400.000	8.000	-60.409	0.007
6410.000	8.000	-60.628	0.006
6420.000	8.000	-60.059	0.007
6430.000	8.000	-60.278	0.008
6440.000	8.000	-59.692	0.004
6450.000	8.000	-60.278	0.004
6460.000	8.000	-59.839	0.009
6470.000	8.000	-59.839	0.007
6480.000	8.000	-59.912	0.004
6490.000	8.000	-60.132	0.004
6500.000	8.000	-59.692	0.006
6510.000	8.000	-59.206	0.004
6520.000	8.000	-60.020	0.006
6530.000	8.000	-59.654	0.006
6540.000	8.000	-59.727	0.007
6550.000	8.000	-59.288	0.006
6560.000	8.000	-59.874	0.007
6570.000	8.000	-59.434	0.004
6580.000	8.000	-59.581	0.006
6590.000	8.000	-59.507	0.004
6600.000	8.000	-59.654	0.006
6610.000	8.000	-59.774	0.001
6620.000	8.000	-59.106	0.009
6630.000	8.000	-59.180	0.004
6640.000	8.000	-59.399	0.004
6650.000	8.000	-58.734	0.006
6660.000	8.000	-58.514	0.002
6670.000	8.000	-59.385	0.004
6680.000	8.000	-59.018	0.003
6690.000	8.000	-58.725	0.007
6700.000	8.000	-58.725	0.008
6710.000	8.000	-58.725	0.008
6720.000	8.000	-58.725	0.008
6730.000	8.000	-58.432	0.002
6740.000	8.000	-58.359	0.003
6750.000	8.000	-58.559	0.006
6760.000	8.000	-58.412	0.002
6770.000	8.000	-58.006	0.004
6780.000	8.000	-57.786	0.002
6790.000	8.000	-57.932	0.004
6800.000	8.000	-58.006	0.003
6810.000	8.000	-57.859	0.006
6820.000	8.000	-57.786	0.007
6830.000	8.000	-57.786	0.007
6840.000	8.000	-57.346	0.006
6850.000	8.000	-58.032	0.007
6860.000	8.000	-57.593	0.007
6870.000	8.000	-57.275	0.006
6880.000	8.000	-57.422	0.006
6890.000	8.000	-57.349	0.004
6900.000	8.000	-56.909	0.007
6910.000	8.000	-56.909	0.007
6920.000	8.000	-57.202	0.002
6930.000	8.000	-57.056	0.006
6940.000	8.000	-57.202	0.008
6950.000	8.000	-56.763	0.007
6960.000	8.000	-56.763	0.006
6970.000	8.000	-56.836	0.008
6980.000	8.000	-56.689	0.004
6990.000	8.000	-56.763	0.006
7000.000	8.000	-56.470	0.006
7010.000	8.000	-56.470	0.002
