%Time [ms]	Commanded Torque [mNm]	Angular Velocity [RPM]	Actual Current [Amp]	%2/23/201810:59 AM
0.000	0.000	0.000	0.000
0.000	9.000	0.000	0.007
10.000	9.000	0.000	0.007
20.000	9.000	0.000	0.007
30.000	9.000	0.000	0.009
40.000	9.000	0.000	0.008
50.000	9.000	0.000	0.008
60.000	9.000	0.000	0.009
70.000	9.000	0.073	0.007
80.000	9.000	0.073	0.010
90.000	9.000	0.073	0.009
100.000	9.000	0.073	0.007
110.000	9.000	0.073	0.008
120.000	9.000	0.073	0.009
130.000	9.000	0.073	0.007
140.000	9.000	0.073	0.008
150.000	9.000	0.073	0.007
160.000	9.000	0.073	0.009
170.000	9.000	0.000	0.006
180.000	9.000	0.000	0.007
190.000	9.000	0.000	0.006
200.000	9.000	0.000	0.007
210.000	9.000	0.000	0.006
220.000	9.000	0.000	0.003
230.000	9.000	0.000	0.007
240.000	9.000	0.000	0.007
250.000	9.000	0.000	0.004
260.000	9.000	0.000	0.004
270.000	9.000	0.000	0.007
280.000	9.000	0.000	0.001
290.000	9.000	0.000	0.003
300.000	9.000	0.000	0.003
310.000	9.000	0.000	0.003
320.000	9.000	0.000	0.006
330.000	9.000	0.000	0.008
340.000	9.000	0.000	0.008
350.000	9.000	0.000	0.008
360.000	9.000	0.000	0.003
370.000	9.000	0.000	0.008
380.000	9.000	0.000	0.006
390.000	9.000	0.000	0.009
400.000	9.000	0.000	0.004
410.000	9.000	0.000	0.007
420.000	9.000	0.000	0.004
430.000	9.000	0.000	0.004
440.000	9.000	0.000	0.008
450.000	9.000	0.000	0.004
460.000	9.000	0.000	0.004
470.000	9.000	0.000	0.004
480.000	9.000	0.000	0.004
490.000	9.000	0.000	0.006
500.000	9.000	0.000	0.007
510.000	9.000	0.000	0.007
520.000	9.000	0.000	0.004
530.000	9.000	0.000	0.007
540.000	9.000	0.000	0.006
550.000	9.000	0.000	0.008
560.000	9.000	0.000	0.006
570.000	9.000	0.000	0.006
580.000	9.000	0.000	0.006
590.000	9.000	0.000	0.006
600.000	9.000	0.000	0.007
610.000	9.000	0.000	0.007
620.000	9.000	0.000	0.008
630.000	9.000	0.000	0.004
640.000	9.000	0.000	0.006
650.000	9.000	0.000	0.007
660.000	9.000	0.000	0.007
670.000	9.000	0.000	0.004
680.000	9.000	0.000	0.006
690.000	9.000	0.000	0.008
700.000	9.000	0.000	0.006
710.000	9.000	0.000	0.004
720.000	9.000	0.000	0.008
730.000	9.000	0.000	0.008
740.000	9.000	0.000	0.008
750.000	9.000	0.000	0.007
760.000	9.000	0.000	0.007
770.000	9.000	0.000	0.004
780.000	9.000	0.000	0.002
790.000	9.000	0.000	0.006
800.000	9.000	0.000	0.007
810.000	9.000	0.000	0.007
820.000	9.000	0.000	0.008
830.000	9.000	0.000	0.004
840.000	9.000	0.000	0.006
850.000	9.000	0.000	0.003
860.000	9.000	0.000	0.006
870.000	9.000	0.000	0.007
880.000	9.000	0.000	0.004
890.000	9.000	0.000	0.006
900.000	9.000	0.000	0.003
910.000	9.000	0.000	0.008
920.000	9.000	0.000	0.003
930.000	9.000	0.000	-0.000
940.000	9.000	0.000	0.004
950.000	9.000	0.000	0.007
960.000	9.000	0.000	0.003
970.000	9.000	0.000	0.004
980.000	9.000	0.000	0.004
990.000	9.000	0.000	0.004
1000.000	9.000	0.000	0.004
1010.000	9.000	0.000	0.007
1020.000	9.000	0.000	0.007
1030.000	9.000	0.000	0.003
1040.000	9.000	0.000	0.048
1050.000	9.000	0.000	0.133
1060.000	9.000	-0.073	0.240
1070.000	9.000	-0.073	0.271
1080.000	9.000	-0.146	0.294
1090.000	9.000	-0.220	0.313
1100.000	9.000	-0.293	0.324
1110.000	9.000	-0.439	0.333
1120.000	9.000	-0.513	0.345
1130.000	9.000	-0.659	0.346
1140.000	9.000	-0.806	0.346
1150.000	9.000	-0.952	0.351
1160.000	9.000	-0.952	0.351
1170.000	9.000	-1.099	0.356
1180.000	9.000	-1.392	0.356
1190.000	9.000	-1.611	0.358
1200.000	9.000	-1.831	0.356
1210.000	9.000	-1.978	0.358
1220.000	9.000	-2.124	0.357
1230.000	9.000	-2.417	0.358
1240.000	9.000	-2.710	0.358
1250.000	9.000	-3.076	0.357
1260.000	9.000	-3.223	0.357
1270.000	9.000	-3.296	0.358
1280.000	9.000	-3.296	0.358
1290.000	9.000	-3.296	0.357
1300.000	9.000	-3.296	0.358
1310.000	9.000	-3.442	0.357
1320.000	9.000	-3.662	0.357
1330.000	9.000	-3.955	0.358
1340.000	9.000	-4.102	0.360
1350.000	9.000	-4.175	0.360
1360.000	9.000	-4.248	0.358
1370.000	9.000	-4.541	0.358
1380.000	9.000	-4.687	0.357
1390.000	9.000	-4.761	0.357
1400.000	9.000	-4.980	0.360
1410.000	9.000	-5.273	0.357
1420.000	9.000	-5.420	0.356
1430.000	9.000	-5.493	0.358
1440.000	9.000	-5.786	0.357
1450.000	9.000	-6.152	0.357
1460.000	9.000	-6.079	0.358
1470.000	9.000	-6.006	0.360
1480.000	9.000	-6.372	0.360
1490.000	9.000	-6.738	0.360
1500.000	9.000	-6.958	0.360
1510.000	9.000	-7.324	0.360
1520.000	9.000	-7.324	0.357
1530.000	9.000	-7.324	0.358
1540.000	9.000	-7.544	0.356
1550.000	9.000	-7.471	0.361
1560.000	9.000	-7.837	0.358
1570.000	9.000	-8.276	0.360
1580.000	9.000	-8.130	0.357
1590.000	9.000	-8.276	0.358
1600.000	9.000	-8.569	0.358
1610.000	9.000	-8.343	0.357
1620.000	9.000	-8.856	0.361
1630.000	9.000	-9.075	0.357
1640.000	9.000	-9.149	0.357
1650.000	9.000	-9.401	0.358
1660.000	9.000	-9.474	0.358
1670.000	9.000	-9.621	0.357
1680.000	9.000	-9.694	0.358
1690.000	9.000	-9.987	0.361
1700.000	9.000	-10.579	0.360
1710.000	9.000	-10.213	0.357
1720.000	9.000	-10.579	0.358
1730.000	9.000	-10.653	0.360
1740.000	9.000	-10.653	0.360
1750.000	9.000	-10.986	0.360
1760.000	9.000	-10.986	0.360
1770.000	9.000	-11.060	0.361
1780.000	9.000	-11.353	0.358
1790.000	9.000	-11.646	0.358
1800.000	9.000	-11.626	0.357
1810.000	9.000	-11.699	0.358
1820.000	9.000	-11.992	0.361
1830.000	9.000	-12.285	0.360
1840.000	9.000	-12.211	0.357
1850.000	9.000	-12.285	0.358
1860.000	9.000	-12.664	0.360
1870.000	9.000	-12.803	0.360
1880.000	9.000	-13.022	0.358
1890.000	9.000	-12.803	0.357
1900.000	9.000	-13.408	0.358
1910.000	9.000	-13.042	0.360
1920.000	9.000	-13.482	0.357
1930.000	9.000	-13.701	0.357
1940.000	9.000	-13.848	0.358
1950.000	9.000	-13.921	0.356
1960.000	9.000	-13.981	0.356
1970.000	9.000	-14.062	0.357
1980.000	9.000	-14.355	0.361
1990.000	9.000	-14.502	0.357
2000.000	9.000	-14.575	0.357
2010.000	9.000	-14.941	0.357
2020.000	9.000	-14.868	0.360
2030.000	9.000	-14.795	0.362
2040.000	9.000	-15.234	0.358
2050.000	9.000	-15.234	0.360
2060.000	9.000	-15.374	0.361
2070.000	9.000	-15.447	0.357
2080.000	9.000	-15.374	0.361
2090.000	9.000	-15.781	0.358
2100.000	9.000	-15.781	0.358
2110.000	9.000	-16.147	0.356
2120.000	9.000	-16.147	0.360
2130.000	9.000	-16.221	0.357
2140.000	9.000	-16.407	0.356
2150.000	9.000	-16.415	0.358
2160.000	9.000	-16.642	0.361
2170.000	9.000	-17.008	0.357
2180.000	9.000	-17.081	0.356
2190.000	9.000	-16.821	0.360
2200.000	9.000	-17.040	0.357
2210.000	9.000	-17.114	0.357
2220.000	9.000	-17.626	0.360
2230.000	9.000	-17.406	0.361
2240.000	9.000	-17.871	0.358
2250.000	9.000	-17.944	0.360
2260.000	9.000	-18.091	0.360
2270.000	9.000	-18.018	0.361
2280.000	9.000	-18.311	0.358
2290.000	9.000	-18.530	0.357
2300.000	9.000	-18.530	0.357
2310.000	9.000	-18.604	0.360
2320.000	9.000	-18.604	0.360
2330.000	9.000	-18.677	0.360
2340.000	9.000	-18.896	0.360
2350.000	9.000	-18.896	0.361
2360.000	9.000	-18.930	0.362
2370.000	9.000	-19.076	0.357
2380.000	9.000	-19.491	0.360
2390.000	9.000	-19.491	0.361
2400.000	9.000	-19.345	0.357
2410.000	9.000	-19.491	0.358
2420.000	9.000	-20.004	0.360
2430.000	9.000	-20.224	0.357
2440.000	9.000	-20.224	0.357
2450.000	9.000	-20.150	0.358
2460.000	9.000	-20.483	0.360
2470.000	9.000	-20.117	0.360
2480.000	9.000	-20.215	0.360
2490.000	9.000	-20.508	0.361
2500.000	9.000	-20.801	0.358
2510.000	9.000	-20.947	0.358
2520.000	9.000	-20.874	0.361
2530.000	9.000	-21.313	0.360
2540.000	9.000	-21.167	0.357
2550.000	9.000	-21.606	0.357
2560.000	9.000	-21.387	0.357
2570.000	9.000	-21.826	0.360
2580.000	9.000	-21.826	0.357
2590.000	9.000	-21.753	0.360
2600.000	9.000	-21.826	0.357
2610.000	9.000	-21.973	0.358
2620.000	9.000	-22.046	0.357
2630.000	9.000	-22.119	0.360
2640.000	9.000	-22.119	0.360
2650.000	9.000	-22.412	0.358
2660.000	9.000	-22.632	0.360
2670.000	9.000	-22.632	0.360
2680.000	9.000	-22.645	0.357
2690.000	9.000	-22.751	0.360
2700.000	9.000	-23.190	0.358
2710.000	9.000	-23.410	0.360
2720.000	9.000	-23.337	0.360
2730.000	9.000	-23.410	0.356
2740.000	9.000	-23.557	0.358
2750.000	9.000	-23.703	0.358
2760.000	9.000	-23.776	0.361
2770.000	9.000	-24.129	0.360
2780.000	9.000	-24.390	0.360
2790.000	9.000	-24.316	0.360
2800.000	9.000	-24.390	0.360
2810.000	9.000	-24.756	0.358
2820.000	9.000	-24.829	0.360
2830.000	9.000	-24.829	0.360
2840.000	9.000	-24.829	0.357
2850.000	9.000	-24.829	0.356
2860.000	9.000	-25.195	0.360
2870.000	9.000	-25.122	0.358
2880.000	9.000	-24.976	0.356
2890.000	9.000	-24.976	0.356
2900.000	9.000	-25.635	0.357
2910.000	9.000	-25.342	0.357
2920.000	9.000	-25.635	0.362
2930.000	9.000	-25.635	0.360
2940.000	9.000	-25.928	0.356
2950.000	9.000	-26.001	0.360
2960.000	9.000	-26.001	0.360
2970.000	9.000	-26.294	0.357
2980.000	9.000	-26.294	0.358
2990.000	9.000	-26.660	0.357
3000.000	9.000	-26.733	0.360
3010.000	9.000	-26.733	0.360
3020.000	9.000	-26.347	0.361
3030.000	9.000	-26.713	0.358
3040.000	9.000	-27.080	0.357
3050.000	9.000	-27.153	0.356
3060.000	9.000	-27.373	0.360
3070.000	9.000	-27.299	0.358
3080.000	9.000	-27.519	0.360
3090.000	9.000	-27.299	0.357
3100.000	9.000	-27.519	0.358
3110.000	9.000	-27.885	0.358
3120.000	9.000	-28.052	0.357
3130.000	9.000	-27.905	0.358
3140.000	9.000	-27.979	0.357
3150.000	9.000	-28.198	0.358
3160.000	9.000	-28.345	0.360
3170.000	9.000	-28.345	0.358
3180.000	9.000	-28.418	0.358
3190.000	9.000	-28.931	0.357
3200.000	9.000	-28.931	0.361
3210.000	9.000	-28.584	0.361
3220.000	9.000	-29.358	0.356
3230.000	9.000	-29.577	0.357
3240.000	9.000	-29.577	0.360
3250.000	9.000	-29.577	0.358
3260.000	9.000	-29.724	0.358
3270.000	9.000	-29.943	0.357
3280.000	9.000	-30.017	0.357
3290.000	9.000	-30.212	0.358
3300.000	9.000	-30.578	0.361
3310.000	9.000	-30.632	0.358
3320.000	9.000	-30.591	0.357
3330.000	9.000	-30.957	0.361
3340.000	9.000	-30.737	0.357
3350.000	9.000	-31.177	0.358
3360.000	9.000	-31.470	0.357
3370.000	9.000	-31.470	0.357
3380.000	9.000	-31.982	0.360
3390.000	9.000	-31.787	0.357
3400.000	9.000	-31.860	0.358
3410.000	9.000	-32.373	0.358
3420.000	9.000	-32.227	0.361
3430.000	9.000	-32.446	0.357
3440.000	9.000	-32.520	0.358
3450.000	9.000	-32.520	0.361
3460.000	9.000	-32.520	0.358
3470.000	9.000	-33.179	0.358
3480.000	9.000	-33.179	0.360
3490.000	9.000	-33.325	0.355
3500.000	9.000	-33.838	0.358
3510.000	9.000	-33.691	0.358
3520.000	9.000	-34.131	0.360
3530.000	9.000	-33.911	0.358
3540.000	9.000	-34.717	0.356
3550.000	9.000	-34.863	0.357
3560.000	9.000	-34.937	0.358
3570.000	9.000	-34.790	0.358
3580.000	9.000	-35.083	0.357
3590.000	9.000	-35.132	0.357
3600.000	9.000	-35.059	0.360
3610.000	9.000	-35.352	0.357
3620.000	9.000	-35.645	0.357
3630.000	9.000	-36.084	0.358
3640.000	9.000	-36.230	0.360
3650.000	9.000	-36.304	0.357
3660.000	9.000	-36.743	0.357
3670.000	9.000	-36.743	0.357
3680.000	9.000	-36.816	0.358
3690.000	9.000	-36.987	0.360
3700.000	9.000	-37.134	0.358
3710.000	9.000	-37.354	0.358
3720.000	9.000	-37.500	0.358
3730.000	9.000	-37.646	0.358
3740.000	9.000	-37.720	0.357
3750.000	9.000	-37.939	0.357
3760.000	9.000	-38.159	0.360
3770.000	9.000	-38.086	0.360
3780.000	9.000	-38.525	0.360
3790.000	9.000	-39.038	0.360
3800.000	9.000	-38.745	0.357
3810.000	9.000	-39.038	0.358
3820.000	9.000	-39.038	0.357
3830.000	9.000	-38.965	0.358
3840.000	9.000	-39.624	0.357
3850.000	9.000	-39.844	0.360
3860.000	9.000	-40.063	0.357
3870.000	9.000	-40.210	0.358
3880.000	9.000	-39.990	0.357
3890.000	9.000	-40.137	0.360
3900.000	9.000	-40.503	0.357
3910.000	9.000	-40.649	0.356
3920.000	9.000	-40.942	0.357
3930.000	9.000	-41.382	0.358
3940.000	9.000	-41.309	0.360
3950.000	9.000	-41.382	0.358
3960.000	9.000	-41.602	0.357
3970.000	9.000	-41.602	0.357
3980.000	9.000	-41.968	0.357
3990.000	9.000	-42.041	0.362
4000.000	9.000	-42.334	0.357
4010.000	9.000	-42.407	0.358
4020.000	9.000	-42.480	0.361
4030.000	9.000	-42.627	0.360
4040.000	9.000	-43.066	0.358
4050.000	9.000	-43.066	0.358
4060.000	9.000	-43.286	0.357
4070.000	9.000	-43.433	0.358
4080.000	9.000	-43.579	0.360
4090.000	9.000	-43.652	0.358
4100.000	9.000	-43.652	0.358
4110.000	9.000	-43.945	0.361
4120.000	9.000	-44.019	0.357
4130.000	9.000	-44.165	0.356
4140.000	9.000	-44.238	0.356
4150.000	9.000	-44.238	0.361
4160.000	9.000	-44.312	0.361
4170.000	9.000	-44.312	0.357
4180.000	9.000	-44.604	0.357
4190.000	9.000	-44.531	0.357
4200.000	9.000	-44.824	0.358
4210.000	9.000	-44.971	0.357
4220.000	9.000	-44.971	0.357
4230.000	9.000	-45.044	0.358
4240.000	9.000	-45.190	0.358
4250.000	9.000	-45.337	0.360
4260.000	9.000	-45.850	0.357
4270.000	9.000	-46.069	0.357
4280.000	9.000	-46.069	0.357
4290.000	9.000	-46.216	0.357
4300.000	9.000	-46.289	0.357
4310.000	9.000	-46.362	0.357
4320.000	9.000	-46.582	0.358
4330.000	9.000	-46.229	0.357
4340.000	9.000	-46.376	0.360
4350.000	9.000	-46.888	0.357
4360.000	9.000	-46.962	0.358
4370.000	9.000	-47.035	0.357
4380.000	9.000	-47.108	0.357
4390.000	9.000	-47.255	0.358
4400.000	9.000	-47.401	0.358
4410.000	9.000	-47.401	0.358
4420.000	9.000	-47.547	0.358
4430.000	9.000	-48.047	0.357
4440.000	9.000	-48.267	0.357
4450.000	9.000	-48.193	0.360
4460.000	9.000	-48.267	0.357
4470.000	9.000	-48.560	0.360
4480.000	9.000	-48.560	0.360
4490.000	9.000	-48.779	0.360
4500.000	9.000	-48.779	0.361
4510.000	9.000	-48.999	0.358
4520.000	9.000	-48.999	0.360
4530.000	9.000	-49.365	0.355
4540.000	9.000	-49.292	0.358
4550.000	9.000	-49.438	0.360
4560.000	9.000	-49.512	0.360
4570.000	9.000	-49.512	0.358
4580.000	9.000	-49.585	0.358
4590.000	9.000	-49.585	0.358
4600.000	9.000	-49.878	0.358
4610.000	9.000	-49.878	0.356
4620.000	9.000	-50.317	0.361
4630.000	9.000	-50.171	0.357
4640.000	9.000	-50.391	0.360
4650.000	9.000	-50.244	0.360
4660.000	9.000	-50.757	0.360
4670.000	9.000	-50.903	0.356
4680.000	9.000	-51.196	0.362
4690.000	9.000	-51.196	0.357
4700.000	9.000	-51.270	0.358
4710.000	9.000	-51.076	0.357
4720.000	9.000	-51.500	0.356
4730.000	9.000	-51.866	0.360
4740.000	9.000	-51.866	0.360
4750.000	9.000	-52.379	0.360
4760.000	9.000	-52.305	0.358
4770.000	9.000	-52.452	0.357
4780.000	9.000	-52.379	0.357
4790.000	9.000	-53.184	0.357
4800.000	9.000	-53.524	0.358
4810.000	9.000	-53.394	0.358
4820.000	9.000	-53.394	0.358
4830.000	9.000	-53.613	0.358
4840.000	9.000	-53.833	0.358
4850.000	9.000	-53.540	0.360
4860.000	9.000	-53.687	0.361
4870.000	9.000	-53.607	0.357
4880.000	9.000	-54.583	0.358
4890.000	9.000	-54.949	0.358
4900.000	9.000	-54.583	0.360
4910.000	9.000	-55.023	0.362
4920.000	9.000	-54.876	0.358
4930.000	9.000	-54.876	0.358
4940.000	9.000	-55.189	0.358
4950.000	9.000	-55.775	0.361
4960.000	9.000	-55.555	0.358
4970.000	9.000	-56.221	0.357
4980.000	9.000	-55.611	0.358
4990.000	9.000	-56.197	0.358
5000.000	9.000	-56.416	0.358
5010.000	9.000	-56.929	0.357
5020.000	9.000	-56.783	0.361
5030.000	9.000	-57.222	0.357
5040.000	9.000	-57.275	0.360
5050.000	9.000	-57.568	0.361
5060.000	9.000	-57.642	0.361
5070.000	9.000	-57.642	0.361
5080.000	9.000	-57.608	0.361
5090.000	9.000	-57.022	0.361
5100.000	9.000	-58.276	0.358
5110.000	9.000	-57.983	0.358
5120.000	9.000	-58.422	0.357
5130.000	9.000	-58.202	0.357
5140.000	9.000	-58.569	0.358
5150.000	9.000	-59.081	0.360
5160.000	9.000	-59.081	0.358
5170.000	9.000	-59.554	0.358
5180.000	9.000	-60.067	0.361
5190.000	9.000	-59.253	0.357
5200.000	9.000	-59.766	0.362
5210.000	9.000	-59.766	0.362
5220.000	9.000	-59.619	0.357
5230.000	9.000	-60.205	0.362
5240.000	9.000	-60.205	0.358
5250.000	9.000	-59.985	0.360
5260.000	9.000	-60.498	0.358
5270.000	9.000	-60.278	0.358
5280.000	9.000	-60.205	0.358
5290.000	9.000	-60.889	0.358
5300.000	9.000	-60.889	0.358
5310.000	9.000	-60.669	0.357
5320.000	9.000	-61.035	0.358
5330.000	9.000	-60.669	0.357
5340.000	9.000	-61.263	0.357
5350.000	9.000	-61.556	0.357
5360.000	9.000	-61.483	0.360
5370.000	9.000	-62.142	0.358
5380.000	9.000	-62.508	0.356
5390.000	9.000	-61.825	0.358
5400.000	9.000	-62.337	0.357
5410.000	9.000	-62.777	0.357
5420.000	9.000	-62.630	0.358
5430.000	9.000	-62.996	0.361
5440.000	9.000	-62.695	0.354
5450.000	9.000	-62.769	0.357
5460.000	9.000	-62.915	0.360
5470.000	9.000	-62.915	0.360
5480.000	9.000	-62.695	0.358
5490.000	9.000	-62.915	0.360
5500.000	9.000	-63.354	0.360
5510.000	9.000	-63.135	0.356
5520.000	9.000	-63.354	0.357
5530.000	9.000	-63.794	0.358
5540.000	9.000	-63.940	0.360
5550.000	9.000	-63.940	0.357
5560.000	9.000	-64.014	0.357
5570.000	9.000	-64.087	0.357
5580.000	9.000	-64.673	0.357
5590.000	9.000	-64.453	0.357
5600.000	9.000	-64.307	0.360
5610.000	9.000	-64.746	0.357
5620.000	9.000	-64.819	0.358
5630.000	9.000	-64.673	0.357
5640.000	9.000	-64.966	0.357
5650.000	9.000	-64.966	0.357
5660.000	9.000	-65.332	0.358
5670.000	9.000	-65.259	0.360
5680.000	9.000	-65.405	0.357
5690.000	9.000	-65.771	0.358
5700.000	9.000	-65.771	0.358
5710.000	9.000	-65.918	0.358
5720.000	9.000	-66.064	0.358
5730.000	9.000	-66.357	0.358
5740.000	9.000	-66.650	0.360
5750.000	9.000	-67.163	0.358
5760.000	9.000	-66.650	0.358
5770.000	9.000	-67.090	0.360
5780.000	9.000	-67.017	0.358
5790.000	9.000	-67.383	0.358
5800.000	9.000	-67.529	0.360
5810.000	9.000	-67.749	0.363
5820.000	9.000	-67.483	0.360
5830.000	9.000	-67.857	0.358
5840.000	9.000	-68.443	0.357
5850.000	9.000	-68.077	0.360
5860.000	9.000	-68.663	0.360
5870.000	9.000	-68.296	0.360
5880.000	9.000	-69.102	0.358
5890.000	9.000	-69.029	0.358
5900.000	9.000	-69.175	0.357
5910.000	9.000	-69.029	0.358
5920.000	9.000	-69.954	0.358
5930.000	9.000	-69.434	0.357
5940.000	9.000	-69.507	0.360
5950.000	9.000	-69.727	0.358
5960.000	9.000	-70.239	0.357
5970.000	9.000	-70.386	0.357
5980.000	9.000	-70.312	0.357
5990.000	9.000	-70.679	0.361
6000.000	9.000	-70.825	0.361
6010.000	9.000	-70.972	0.357
6020.000	9.000	-70.972	0.357
6030.000	9.000	-71.118	0.358
6040.000	9.000	-71.338	0.360
6050.000	9.000	-71.338	0.303
6060.000	9.000	-71.265	0.223
6070.000	9.000	-71.558	0.122
6080.000	9.000	-71.851	0.091
6090.000	9.000	-71.484	0.068
6100.000	9.000	-71.777	0.053
6110.000	9.000	-71.777	0.053
6120.000	9.000	-71.631	0.036
6130.000	9.000	-71.411	0.021
6140.000	9.000	-71.777	0.014
6150.000	9.000	-71.777	0.014
6160.000	9.000	-71.558	0.015
6170.000	9.000	-71.851	0.007
6180.000	9.000	-71.704	0.008
6190.000	9.000	-71.558	0.007
6200.000	9.000	-71.704	0.008
6210.000	9.000	-71.704	0.008
6220.000	9.000	-71.411	0.003
6230.000	9.000	-71.265	0.004
6240.000	9.000	-71.338	0.003
6250.000	9.000	-71.045	0.004
6260.000	9.000	-71.045	0.004
6270.000	9.000	-70.825	0.004
6280.000	9.000	-70.898	0.003
6290.000	9.000	-70.825	0.003
6300.000	9.000	-70.825	0.003
6310.000	9.000	-70.532	0.007
6320.000	9.000	-70.752	0.006
6330.000	9.000	-70.173	0.003
6340.000	9.000	-70.173	0.007
6350.000	9.000	-70.425	0.004
6360.000	9.000	-70.425	0.004
6370.000	9.000	-70.498	0.002
6380.000	9.000	-70.498	0.003
6390.000	9.000	-70.352	0.004
6400.000	9.000	-70.352	0.002
6410.000	9.000	-70.498	0.004
6420.000	9.000	-70.205	0.007
6430.000	9.000	-70.711	0.007
6440.000	9.000	-70.565	0.006
6450.000	9.000	-70.093	0.001
6460.000	9.000	-70.239	0.002
6470.000	9.000	-69.520	0.004
6480.000	9.000	-69.374	0.006
6490.000	9.000	-69.520	0.007
6500.000	9.000	-69.374	0.002
6510.000	9.000	-69.227	0.006
6520.000	9.000	-69.829	0.007
6530.000	9.000	-69.756	0.007
6540.000	9.000	-69.536	0.006
6550.000	9.000	-69.390	0.006
6560.000	9.000	-69.317	0.003
6570.000	9.000	-70.182	0.003
6580.000	9.000	-69.816	0.004
6590.000	9.000	-69.670	0.006
6600.000	9.000	-69.743	0.004
6610.000	9.000	-69.743	0.007
6620.000	9.000	-69.067	0.006
6630.000	9.000	-69.067	0.008
6640.000	9.000	-69.434	0.002
6650.000	9.000	-69.214	0.004
6660.000	9.000	-69.434	0.006
6670.000	9.000	-68.994	0.003
6680.000	9.000	-69.507	0.003
6690.000	9.000	-69.287	0.008
6700.000	9.000	-69.141	0.006
6710.000	9.000	-69.434	0.004
6720.000	9.000	-69.434	0.004
6730.000	9.000	-69.214	0.004
6740.000	9.000	-69.214	0.004
6750.000	9.000	-69.067	0.006
6760.000	9.000	-69.067	0.002
6770.000	9.000	-68.848	0.004
6780.000	9.000	-68.921	0.006
6790.000	9.000	-68.774	0.006
6800.000	9.000	-68.774	0.006
6810.000	9.000	-68.921	0.007
6820.000	9.000	-68.848	0.003
6830.000	9.000	-69.067	0.002
6840.000	9.000	-68.848	0.003
6850.000	9.000	-69.141	0.007
6860.000	9.000	-68.921	0.002
6870.000	9.000	-69.360	0.006
6880.000	9.000	-69.214	0.002
6890.000	9.000	-69.141	0.004
6900.000	9.000	-68.848	0.007
6910.000	9.000	-69.067	0.007
6920.000	9.000	-68.555	0.006
6930.000	9.000	-68.555	0.004
6940.000	9.000	-68.555	0.003
6950.000	9.000	-68.408	0.003
6960.000	9.000	-68.115	0.002
6970.000	9.000	-68.335	0.008
6980.000	9.000	-68.042	0.002
6990.000	9.000	-68.335	0.006
7000.000	9.000	-68.335	0.006
7010.000	9.000	-67.969	0.004
