%Time [ms]	Commanded Torque [mNm]	Angular Velocity [RPM]	Actual Current [Amp]	%2/23/201810:55 AM
0.000	0.000	0.000	0.000
0.000	4.000	0.000	0.006
10.000	4.000	0.000	0.007
20.000	4.000	0.000	0.008
30.000	4.000	0.000	0.006
40.000	4.000	0.000	0.009
50.000	4.000	0.000	0.007
60.000	4.000	0.000	0.009
70.000	4.000	0.000	0.009
80.000	4.000	0.000	0.010
90.000	4.000	0.000	0.008
100.000	4.000	0.000	0.008
110.000	4.000	0.000	0.008
120.000	4.000	0.000	0.008
130.000	4.000	0.000	0.008
140.000	4.000	0.000	0.006
150.000	4.000	0.000	0.006
160.000	4.000	0.000	0.007
170.000	4.000	0.000	0.007
180.000	4.000	0.000	0.007
190.000	4.000	0.000	0.004
200.000	4.000	0.000	0.008
210.000	4.000	0.000	0.004
220.000	4.000	0.000	0.007
230.000	4.000	0.000	0.006
240.000	4.000	0.000	0.003
250.000	4.000	0.000	0.008
260.000	4.000	0.000	0.008
270.000	4.000	0.000	0.006
280.000	4.000	0.000	0.002
290.000	4.000	0.000	0.006
300.000	4.000	0.000	0.002
310.000	4.000	0.000	0.003
320.000	4.000	0.000	0.004
330.000	4.000	0.000	0.003
340.000	4.000	0.000	0.004
350.000	4.000	0.000	0.004
360.000	4.000	0.000	0.007
370.000	4.000	0.000	0.008
380.000	4.000	0.000	0.008
390.000	4.000	0.000	0.006
400.000	4.000	0.000	0.004
410.000	4.000	0.000	0.008
420.000	4.000	0.000	0.006
430.000	4.000	0.000	0.006
440.000	4.000	0.000	0.004
450.000	4.000	0.000	0.006
460.000	4.000	0.000	0.003
470.000	4.000	0.000	0.007
480.000	4.000	0.000	0.004
490.000	4.000	0.000	0.008
500.000	4.000	0.000	0.007
510.000	4.000	0.000	0.004
520.000	4.000	0.000	0.004
530.000	4.000	0.000	0.004
540.000	4.000	0.000	0.004
550.000	4.000	0.000	0.002
560.000	4.000	0.000	0.004
570.000	4.000	0.000	0.002
580.000	4.000	0.000	0.006
590.000	4.000	0.000	0.004
600.000	4.000	0.000	0.006
610.000	4.000	0.000	0.004
620.000	4.000	0.000	0.006
630.000	4.000	0.000	0.006
640.000	4.000	0.000	0.006
650.000	4.000	0.000	0.006
660.000	4.000	0.000	0.006
670.000	4.000	0.000	0.007
680.000	4.000	0.000	0.006
690.000	4.000	0.000	0.008
700.000	4.000	0.000	0.007
710.000	4.000	0.000	0.006
720.000	4.000	0.000	0.004
730.000	4.000	0.000	0.008
740.000	4.000	0.000	0.006
750.000	4.000	0.000	0.006
760.000	4.000	0.000	0.006
770.000	4.000	0.000	0.006
780.000	4.000	0.000	0.007
790.000	4.000	0.000	0.008
800.000	4.000	0.000	0.007
810.000	4.000	0.000	0.004
820.000	4.000	0.000	0.004
830.000	4.000	0.000	0.004
840.000	4.000	0.000	0.006
850.000	4.000	0.000	0.007
860.000	4.000	0.000	0.008
870.000	4.000	0.000	0.007
880.000	4.000	0.000	0.007
890.000	4.000	0.000	0.003
900.000	4.000	0.000	0.003
910.000	4.000	0.000	0.002
920.000	4.000	0.000	0.002
930.000	4.000	0.000	0.002
940.000	4.000	0.000	0.007
950.000	4.000	0.000	0.007
960.000	4.000	0.000	0.004
970.000	4.000	0.000	0.006
980.000	4.000	0.000	0.007
990.000	4.000	0.000	0.003
1000.000	4.000	0.000	0.003
1010.000	4.000	0.000	0.006
1020.000	4.000	0.000	0.004
1030.000	4.000	0.000	0.006
1040.000	4.000	0.000	0.002
1050.000	4.000	0.000	0.010
1060.000	4.000	-0.073	0.053
1070.000	4.000	-0.073	0.085
1080.000	4.000	-0.073	0.106
1090.000	4.000	-0.146	0.119
1100.000	4.000	-0.146	0.130
1110.000	4.000	-0.220	0.139
1120.000	4.000	-0.220	0.147
1130.000	4.000	-0.293	0.152
1140.000	4.000	-0.366	0.153
1150.000	4.000	-0.439	0.156
1160.000	4.000	-0.439	0.156
1170.000	4.000	-0.513	0.157
1180.000	4.000	-0.586	0.157
1190.000	4.000	-0.586	0.159
1200.000	4.000	-0.659	0.158
1210.000	4.000	-0.659	0.163
1220.000	4.000	-0.806	0.161
1230.000	4.000	-0.806	0.164
1240.000	4.000	-0.806	0.164
1250.000	4.000	-0.879	0.163
1260.000	4.000	-0.952	0.162
1270.000	4.000	-1.025	0.162
1280.000	4.000	-1.245	0.164
1290.000	4.000	-1.318	0.164
1300.000	4.000	-1.465	0.161
1310.000	4.000	-1.465	0.161
1320.000	4.000	-1.538	0.162
1330.000	4.000	-1.611	0.163
1340.000	4.000	-1.611	0.164
1350.000	4.000	-1.611	0.164
1360.000	4.000	-1.538	0.163
1370.000	4.000	-1.538	0.163
1380.000	4.000	-1.538	0.162
1390.000	4.000	-1.465	0.163
1400.000	4.000	-1.385	0.161
1410.000	4.000	-1.328	0.159
1420.000	4.000	-1.328	0.162
1430.000	4.000	-1.401	0.163
1440.000	4.000	-1.401	0.162
1450.000	4.000	-1.474	0.162
1460.000	4.000	-1.621	0.163
1470.000	4.000	-1.767	0.164
1480.000	4.000	-1.841	0.162
1490.000	4.000	-1.841	0.162
1500.000	4.000	-1.994	0.163
1510.000	4.000	-1.978	0.164
1520.000	4.000	-2.051	0.163
1530.000	4.000	-2.051	0.164
1540.000	4.000	-2.124	0.162
1550.000	4.000	-2.197	0.164
1560.000	4.000	-2.197	0.162
1570.000	4.000	-2.271	0.164
1580.000	4.000	-2.344	0.164
1590.000	4.000	-2.344	0.164
1600.000	4.000	-2.344	0.161
1610.000	4.000	-2.344	0.159
1620.000	4.000	-2.271	0.164
1630.000	4.000	-2.271	0.162
1640.000	4.000	-2.197	0.163
1650.000	4.000	-2.197	0.164
1660.000	4.000	-2.124	0.163
1670.000	4.000	-2.197	0.164
1680.000	4.000	-2.124	0.164
1690.000	4.000	-2.197	0.161
1700.000	4.000	-2.197	0.164
1710.000	4.000	-2.271	0.162
1720.000	4.000	-2.344	0.163
1730.000	4.000	-2.344	0.161
1740.000	4.000	-2.344	0.161
1750.000	4.000	-2.417	0.161
1760.000	4.000	-2.417	0.161
1770.000	4.000	-2.417	0.163
1780.000	4.000	-2.417	0.163
1790.000	4.000	-2.417	0.162
1800.000	4.000	-2.344	0.163
1810.000	4.000	-2.271	0.162
1820.000	4.000	-2.271	0.164
1830.000	4.000	-2.197	0.163
1840.000	4.000	-2.197	0.161
1850.000	4.000	-2.124	0.162
1860.000	4.000	-2.051	0.162
1870.000	4.000	-1.978	0.164
1880.000	4.000	-2.051	0.161
1890.000	4.000	-2.124	0.163
1900.000	4.000	-2.197	0.161
1910.000	4.000	-2.271	0.161
1920.000	4.000	-2.271	0.162
1930.000	4.000	-2.344	0.161
1940.000	4.000	-2.490	0.162
1950.000	4.000	-2.563	0.163
1960.000	4.000	-2.710	0.161
1970.000	4.000	-2.783	0.161
1980.000	4.000	-2.783	0.163
1990.000	4.000	-2.710	0.163
2000.000	4.000	-2.710	0.164
2010.000	4.000	-2.710	0.163
2020.000	4.000	-2.710	0.164
2030.000	4.000	-2.783	0.162
2040.000	4.000	-2.856	0.162
2050.000	4.000	-3.003	0.164
2060.000	4.000	-2.930	0.161
2070.000	4.000	-2.930	0.162
2080.000	4.000	-2.856	0.162
2090.000	4.000	-3.003	0.162
2100.000	4.000	-3.076	0.163
2110.000	4.000	-3.323	0.163
2120.000	4.000	-3.542	0.164
2130.000	4.000	-3.542	0.162
2140.000	4.000	-3.469	0.162
2150.000	4.000	-3.274	0.163
2160.000	4.000	-3.200	0.162
2170.000	4.000	-3.127	0.164
2180.000	4.000	-3.200	0.162
2190.000	4.000	-3.274	0.164
2200.000	4.000	-3.347	0.162
2210.000	4.000	-3.174	0.162
2220.000	4.000	-3.027	0.163
2230.000	4.000	-3.027	0.162
2240.000	4.000	-3.101	0.162
2250.000	4.000	-3.296	0.164
2260.000	4.000	-3.589	0.163
2270.000	4.000	-3.589	0.162
2280.000	4.000	-3.589	0.162
2290.000	4.000	-3.442	0.164
2300.000	4.000	-3.296	0.164
2310.000	4.000	-3.369	0.163
2320.000	4.000	-3.442	0.162
2330.000	4.000	-3.589	0.162
2340.000	4.000	-3.516	0.162
2350.000	4.000	-3.516	0.162
2360.000	4.000	-3.296	0.162
2370.000	4.000	-3.369	0.162
2380.000	4.000	-3.516	0.162
2390.000	4.000	-3.882	0.162
2400.000	4.000	-3.809	0.162
2410.000	4.000	-3.735	0.163
2420.000	4.000	-3.589	0.162
2430.000	4.000	-3.516	0.161
2440.000	4.000	-3.516	0.164
2450.000	4.000	-3.735	0.164
2460.000	4.000	-3.735	0.164
2470.000	4.000	-3.662	0.162
2480.000	4.000	-3.589	0.162
2490.000	4.000	-3.369	0.163
2500.000	4.000	-3.369	0.162
2510.000	4.000	-3.516	0.161
2520.000	4.000	-3.735	0.164
2530.000	4.000	-3.809	0.162
2540.000	4.000	-3.809	0.163
2550.000	4.000	-3.735	0.163
2560.000	4.000	-3.516	0.164
2570.000	4.000	-3.516	0.162
2580.000	4.000	-3.589	0.162
2590.000	4.000	-3.735	0.162
2600.000	4.000	-3.735	0.161
2610.000	4.000	-3.662	0.162
2620.000	4.000	-3.516	0.164
2630.000	4.000	-3.516	0.164
2640.000	4.000	-3.662	0.164
2650.000	4.000	-3.882	0.163
2660.000	4.000	-3.955	0.159
2670.000	4.000	-3.955	0.161
2680.000	4.000	-3.735	0.164
2690.000	4.000	-3.662	0.162
2700.000	4.000	-3.809	0.163
2710.000	4.000	-3.882	0.162
2720.000	4.000	-3.882	0.162
2730.000	4.000	-3.809	0.163
2740.000	4.000	-3.735	0.162
2750.000	4.000	-3.662	0.162
2760.000	4.000	-3.809	0.162
2770.000	4.000	-4.102	0.162
2780.000	4.000	-4.248	0.164
2790.000	4.000	-4.175	0.161
2800.000	4.000	-4.175	0.163
2810.000	4.000	-4.028	0.164
2820.000	4.000	-4.248	0.164
2830.000	4.000	-4.395	0.164
2840.000	4.000	-4.321	0.162
2850.000	4.000	-4.321	0.161
2860.000	4.000	-4.321	0.164
2870.000	4.000	-4.468	0.162
2880.000	4.000	-4.468	0.162
2890.000	4.000	-4.468	0.163
2900.000	4.000	-4.468	0.163
2910.000	4.000	-4.395	0.163
2920.000	4.000	-4.248	0.162
2930.000	4.000	-4.248	0.162
2940.000	4.000	-4.395	0.163
2950.000	4.000	-4.395	0.162
2960.000	4.000	-4.248	0.162
2970.000	4.000	-4.175	0.163
2980.000	4.000	-4.248	0.164
2990.000	4.000	-4.468	0.162
3000.000	4.000	-4.468	0.162
3010.000	4.000	-4.468	0.162
3020.000	4.000	-4.428	0.163
3030.000	4.000	-4.566	0.161
3040.000	4.000	-4.566	0.163
3050.000	4.000	-4.639	0.164
3060.000	4.000	-4.639	0.164
3070.000	4.000	-4.566	0.162
3080.000	4.000	-4.579	0.164
3090.000	4.000	-4.555	0.166
3100.000	4.000	-4.555	0.164
3110.000	4.000	-4.555	0.164
3120.000	4.000	-4.522	0.163
3130.000	4.000	-4.237	0.162
3140.000	4.000	-4.237	0.163
3150.000	4.000	-4.237	0.161
3160.000	4.000	-4.237	0.162
3170.000	4.000	-4.164	0.163
3180.000	4.000	-4.004	0.163
3190.000	4.000	-4.102	0.162
3200.000	4.000	-4.248	0.161
3210.000	4.000	-4.321	0.164
3220.000	4.000	-4.248	0.164
3230.000	4.000	-4.215	0.161
3240.000	4.000	-4.109	0.162
3250.000	4.000	-4.182	0.163
3260.000	4.000	-4.329	0.163
3270.000	4.000	-4.402	0.164
3280.000	4.000	-4.329	0.162
3290.000	4.000	-4.209	0.164
3300.000	4.000	-4.347	0.162
3310.000	4.000	-4.420	0.164
3320.000	4.000	-4.494	0.162
3330.000	4.000	-4.454	0.164
3340.000	4.000	-4.413	0.159
3350.000	4.000	-4.340	0.164
3360.000	4.000	-4.360	0.162
3370.000	4.000	-4.409	0.164
3380.000	4.000	-4.409	0.162
3390.000	4.000	-4.309	0.162
3400.000	4.000	-4.170	0.161
3410.000	4.000	-4.390	0.162
3420.000	4.000	-4.463	0.164
3430.000	4.000	-4.463	0.163
3440.000	4.000	-4.463	0.164
3450.000	4.000	-4.463	0.163
3460.000	4.000	-4.443	0.163
3470.000	4.000	-4.468	0.164
3480.000	4.000	-4.501	0.161
3490.000	4.000	-4.623	0.162
3500.000	4.000	-4.550	0.166
3510.000	4.000	-4.550	0.166
3520.000	4.000	-4.623	0.162
3530.000	4.000	-4.623	0.164
3540.000	4.000	-4.623	0.162
3550.000	4.000	-4.550	0.164
3560.000	4.000	-4.477	0.164
3570.000	4.000	-4.550	0.164
3580.000	4.000	-4.590	0.162
3590.000	4.000	-4.541	0.161
3600.000	4.000	-4.468	0.162
3610.000	4.000	-4.541	0.162
3620.000	4.000	-4.687	0.164
3630.000	4.000	-4.614	0.163
3640.000	4.000	-4.614	0.163
3650.000	4.000	-4.687	0.166
3660.000	4.000	-4.687	0.162
3670.000	4.000	-4.687	0.162
3680.000	4.000	-4.687	0.163
3690.000	4.000	-4.687	0.161
3700.000	4.000	-4.687	0.164
3710.000	4.000	-4.687	0.164
3720.000	4.000	-4.541	0.161
3730.000	4.000	-4.541	0.162
3740.000	4.000	-4.541	0.162
3750.000	4.000	-4.468	0.163
3760.000	4.000	-4.248	0.166
3770.000	4.000	-4.102	0.164
3780.000	4.000	-4.175	0.164
3790.000	4.000	-4.175	0.163
3800.000	4.000	-4.102	0.162
3810.000	4.000	-3.882	0.162
3820.000	4.000	-3.882	0.163
3830.000	4.000	-4.248	0.163
3840.000	4.000	-4.248	0.166
3850.000	4.000	-4.248	0.166
3860.000	4.000	-4.321	0.162
3870.000	4.000	-4.248	0.163
3880.000	4.000	-4.248	0.162
3890.000	4.000	-4.395	0.163
3900.000	4.000	-4.541	0.162
3910.000	4.000	-4.541	0.164
3920.000	4.000	-4.468	0.162
3930.000	4.000	-4.468	0.164
3940.000	4.000	-4.541	0.164
3950.000	4.000	-4.541	0.161
3960.000	4.000	-4.468	0.164
3970.000	4.000	-4.468	0.164
3980.000	4.000	-4.248	0.164
3990.000	4.000	-4.321	0.164
4000.000	4.000	-4.321	0.164
4010.000	4.000	-4.395	0.166
4020.000	4.000	-4.321	0.163
4030.000	4.000	-4.175	0.163
4040.000	4.000	-4.175	0.163
4050.000	4.000	-4.321	0.162
4060.000	4.000	-4.468	0.164
4070.000	4.000	-4.468	0.162
4080.000	4.000	-4.468	0.161
4090.000	4.000	-4.321	0.161
4100.000	4.000	-4.395	0.161
4110.000	4.000	-4.395	0.162
4120.000	4.000	-4.468	0.164
4130.000	4.000	-4.468	0.163
4140.000	4.000	-4.395	0.162
4150.000	4.000	-4.468	0.164
4160.000	4.000	-4.468	0.166
4170.000	4.000	-4.468	0.161
4180.000	4.000	-4.434	0.163
4190.000	4.000	-4.394	0.163
4200.000	4.000	-4.247	0.164
4210.000	4.000	-4.321	0.163
4220.000	4.000	-4.321	0.164
4230.000	4.000	-4.247	0.166
4240.000	4.000	-4.101	0.163
4250.000	4.000	-4.101	0.164
4260.000	4.000	-4.247	0.162
4270.000	4.000	-4.281	0.163
4280.000	4.000	-4.248	0.162
4290.000	4.000	-4.102	0.162
4300.000	4.000	-4.028	0.162
4310.000	4.000	-4.028	0.162
4320.000	4.000	-4.102	0.163
4330.000	4.000	-4.175	0.164
4340.000	4.000	-4.175	0.162
4350.000	4.000	-4.102	0.163
4360.000	4.000	-3.882	0.164
4370.000	4.000	-3.955	0.162
4380.000	4.000	-4.055	0.166
4390.000	4.000	-4.128	0.159
4400.000	4.000	-4.161	0.162
4410.000	4.000	-4.014	0.163
4420.000	4.000	-3.795	0.162
4430.000	4.000	-3.795	0.163
4440.000	4.000	-3.941	0.164
4450.000	4.000	-4.014	0.162
4460.000	4.000	-3.941	0.164
4470.000	4.000	-3.795	0.164
4480.000	4.000	-3.768	0.164
4490.000	4.000	-3.988	0.164
4500.000	4.000	-4.175	0.162
4510.000	4.000	-4.248	0.164
4520.000	4.000	-4.321	0.162
4530.000	4.000	-4.175	0.162
4540.000	4.000	-4.102	0.162
4550.000	4.000	-4.175	0.162
4560.000	4.000	-4.395	0.163
4570.000	4.000	-4.321	0.163
4580.000	4.000	-4.102	0.164
4590.000	4.000	-4.175	0.164
4600.000	4.000	-4.175	0.164
4610.000	4.000	-4.248	0.162
4620.000	4.000	-4.321	0.163
4630.000	4.000	-4.321	0.164
4640.000	4.000	-4.175	0.164
4650.000	4.000	-3.882	0.163
4660.000	4.000	-4.028	0.164
4670.000	4.000	-4.102	0.162
4680.000	4.000	-4.028	0.163
4690.000	4.000	-3.882	0.162
4700.000	4.000	-3.882	0.162
4710.000	4.000	-4.028	0.166
4720.000	4.000	-4.175	0.166
4730.000	4.000	-4.248	0.163
4740.000	4.000	-4.248	0.163
4750.000	4.000	-4.248	0.163
4760.000	4.000	-4.175	0.161
4770.000	4.000	-4.175	0.164
4780.000	4.000	-4.321	0.166
4790.000	4.000	-4.468	0.162
4800.000	4.000	-4.361	0.164
4810.000	4.000	-4.410	0.163
4820.000	4.000	-4.337	0.162
4830.000	4.000	-4.410	0.161
4840.000	4.000	-4.410	0.162
4850.000	4.000	-4.483	0.162
4860.000	4.000	-4.410	0.163
4870.000	4.000	-4.190	0.166
4880.000	4.000	-4.044	0.163
4890.000	4.000	-4.190	0.163
4900.000	4.000	-4.224	0.164
4910.000	4.000	-4.102	0.164
4920.000	4.000	-4.028	0.163
4930.000	4.000	-3.955	0.164
4940.000	4.000	-4.175	0.163
4950.000	4.000	-4.321	0.164
4960.000	4.000	-4.321	0.164
4970.000	4.000	-4.395	0.159
4980.000	4.000	-4.288	0.164
4990.000	4.000	-4.215	0.162
5000.000	4.000	-4.434	0.164
5010.000	4.000	-4.557	0.164
5020.000	4.000	-4.483	0.164
5030.000	4.000	-4.483	0.163
5040.000	4.000	-4.557	0.164
5050.000	4.000	-4.557	0.162
5060.000	4.000	-4.630	0.166
5070.000	4.000	-4.557	0.162
5080.000	4.000	-4.590	0.163
5090.000	4.000	-4.443	0.163
5100.000	4.000	-4.443	0.163
5110.000	4.000	-4.468	0.164
5120.000	4.000	-4.468	0.163
5130.000	4.000	-4.395	0.164
5140.000	4.000	-4.468	0.163
5150.000	4.000	-4.541	0.163
5160.000	4.000	-4.614	0.159
5170.000	4.000	-4.614	0.163
5180.000	4.000	-4.687	0.164
5190.000	4.000	-4.761	0.162
5200.000	4.000	-4.761	0.162
5210.000	4.000	-4.761	0.162
5220.000	4.000	-4.834	0.161
5230.000	4.000	-4.834	0.163
5240.000	4.000	-4.834	0.163
5250.000	4.000	-4.834	0.159
5260.000	4.000	-4.761	0.163
5270.000	4.000	-4.761	0.162
5280.000	4.000	-4.687	0.162
5290.000	4.000	-4.687	0.164
5300.000	4.000	-4.614	0.162
5310.000	4.000	-4.614	0.163
5320.000	4.000	-4.614	0.161
5330.000	4.000	-4.614	0.164
5340.000	4.000	-4.541	0.162
5350.000	4.000	-4.614	0.161
5360.000	4.000	-4.687	0.163
5370.000	4.000	-4.687	0.162
5380.000	4.000	-4.761	0.162
5390.000	4.000	-4.761	0.161
5400.000	4.000	-4.834	0.162
5410.000	4.000	-4.834	0.163
5420.000	4.000	-4.834	0.163
5430.000	4.000	-4.834	0.162
5440.000	4.000	-4.980	0.162
5450.000	4.000	-4.834	0.164
5460.000	4.000	-4.761	0.164
5470.000	4.000	-4.687	0.164
5480.000	4.000	-4.614	0.164
5490.000	4.000	-4.541	0.164
5500.000	4.000	-4.468	0.161
5510.000	4.000	-4.468	0.163
5520.000	4.000	-4.468	0.162
5530.000	4.000	-4.468	0.164
5540.000	4.000	-4.321	0.161
5550.000	4.000	-4.541	0.162
5560.000	4.000	-4.541	0.162
5570.000	4.000	-4.687	0.166
5580.000	4.000	-4.761	0.162
5590.000	4.000	-4.907	0.163
5600.000	4.000	-4.980	0.164
5610.000	4.000	-4.980	0.163
5620.000	4.000	-5.054	0.162
5630.000	4.000	-5.147	0.166
5640.000	4.000	-5.293	0.162
5650.000	4.000	-5.074	0.163
5660.000	4.000	-5.000	0.163
5670.000	4.000	-4.927	0.162
5680.000	4.000	-5.000	0.162
5690.000	4.000	-5.074	0.161
5700.000	4.000	-4.984	0.162
5710.000	4.000	-4.911	0.163
5720.000	4.000	-4.911	0.161
5730.000	4.000	-5.037	0.163
5740.000	4.000	-4.964	0.163
5750.000	4.000	-4.964	0.164
5760.000	4.000	-4.964	0.163
5770.000	4.000	-5.330	0.163
5780.000	4.000	-5.330	0.163
5790.000	4.000	-5.330	0.162
5800.000	4.000	-5.200	0.161
5810.000	4.000	-5.273	0.163
5820.000	4.000	-5.493	0.164
5830.000	4.000	-5.347	0.162
5840.000	4.000	-5.127	0.163
5850.000	4.000	-5.200	0.163
5860.000	4.000	-5.200	0.163
5870.000	4.000	-5.347	0.163
5880.000	4.000	-5.200	0.162
5890.000	4.000	-5.127	0.163
5900.000	4.000	-5.154	0.163
5910.000	4.000	-5.373	0.164
5920.000	4.000	-5.227	0.163
5930.000	4.000	-5.121	0.164
5940.000	4.000	-5.121	0.164
5950.000	4.000	-5.341	0.161
5960.000	4.000	-5.634	0.163
5970.000	4.000	-5.487	0.164
5980.000	4.000	-5.487	0.163
5990.000	4.000	-5.560	0.161
6000.000	4.000	-5.827	0.162
6010.000	4.000	-5.534	0.164
6020.000	4.000	-5.387	0.163
6030.000	4.000	-5.420	0.164
6040.000	4.000	-5.640	0.162
6050.000	4.000	-5.640	0.139
6060.000	4.000	-5.420	0.102
6070.000	4.000	-5.420	0.074
6080.000	4.000	-5.713	0.057
6090.000	4.000	-5.713	0.043
6100.000	4.000	-5.420	0.034
6110.000	4.000	-5.420	0.029
6120.000	4.000	-5.640	0.019
6130.000	4.000	-5.859	0.018
6140.000	4.000	-5.640	0.015
6150.000	4.000	-5.566	0.014
6160.000	4.000	-5.786	0.010
6170.000	4.000	-5.873	0.009
6180.000	4.000	-5.433	0.007
6190.000	4.000	-5.214	0.010
6200.000	4.000	-5.140	0.009
6210.000	4.000	-5.287	0.009
6220.000	4.000	-5.197	0.004
6230.000	4.000	-4.938	0.006
6240.000	4.000	-4.986	0.006
6250.000	4.000	-4.986	0.002
6260.000	4.000	-4.827	0.002
6270.000	4.000	-4.827	0.001
6280.000	4.000	-4.827	0.001
6290.000	4.000	-4.827	0.007
6300.000	4.000	-4.860	0.004
6310.000	4.000	-4.925	0.007
6320.000	4.000	-4.868	0.006
6330.000	4.000	-4.908	0.006
6340.000	4.000	-4.859	0.007
6350.000	4.000	-4.786	0.004
6360.000	4.000	-4.639	0.006
6370.000	4.000	-4.639	0.001
6380.000	4.000	-4.639	0.003
6390.000	4.000	-4.493	0.003
6400.000	4.000	-4.386	0.006
6410.000	4.000	-4.102	0.002
6420.000	4.000	-4.028	0.002
6430.000	4.000	-4.028	0.004
6440.000	4.000	-3.955	0.004
6450.000	4.000	-3.882	0.002
6460.000	4.000	-3.589	0.003
6470.000	4.000	-3.589	0.001
6480.000	4.000	-3.662	0.003
6490.000	4.000	-3.882	0.004
6500.000	4.000	-3.955	0.001
6510.000	4.000	-3.809	0.003
6520.000	4.000	-3.662	0.003
6530.000	4.000	-3.516	0.004
6540.000	4.000	-3.442	0.004
6550.000	4.000	-3.589	0.004
6560.000	4.000	-3.442	0.006
6570.000	4.000	-3.296	0.004
6580.000	4.000	-3.149	0.007
6590.000	4.000	-3.076	0.003
6600.000	4.000	-3.223	0.002
6610.000	4.000	-3.223	0.002
6620.000	4.000	-3.296	0.004
6630.000	4.000	-3.442	0.003
6640.000	4.000	-3.442	0.002
6650.000	4.000	-3.296	0.007
6660.000	4.000	-3.003	0.007
6670.000	4.000	-2.783	0.006
6680.000	4.000	-2.710	0.007
6690.000	4.000	-2.637	0.007
6700.000	4.000	-2.637	0.007
6710.000	4.000	-2.490	0.007
6720.000	4.000	-2.417	0.008
6730.000	4.000	-2.271	0.006
6740.000	4.000	-2.197	0.008
6750.000	4.000	-2.197	0.007
6760.000	4.000	-2.271	0.007
6770.000	4.000	-2.197	0.008
6780.000	4.000	-2.271	0.002
6790.000	4.000	-2.251	0.006
6800.000	4.000	-2.251	0.003
6810.000	4.000	-2.275	0.003
6820.000	4.000	-2.202	0.006
6830.000	4.000	-2.202	0.002
6840.000	4.000	-2.202	0.002
6850.000	4.000	-2.202	0.003
6860.000	4.000	-2.128	0.008
6870.000	4.000	-1.982	0.008
6880.000	4.000	-1.982	0.008
6890.000	4.000	-1.929	0.006
6900.000	4.000	-1.782	0.006
6910.000	4.000	-1.611	0.006
6920.000	4.000	-1.538	0.006
6930.000	4.000	-1.318	0.006
6940.000	4.000	-1.172	0.006
6950.000	4.000	-1.025	0.004
6960.000	4.000	-1.025	0.003
6970.000	4.000	-0.952	0.004
6980.000	4.000	-0.952	0.003
6990.000	4.000	-0.879	0.003
7000.000	4.000	-0.939	0.004
7010.000	4.000	-0.947	0.004
